"Choi matrices from t=0 to t=1000 log spaced, 100 points. Initial state of environment generated with SeedRandom[95000];ψ=RandomChainProductState[L-1];"
0.49533692374240157,0.019772107759055454+0.04341298572310982*I,0.02012212547770281+0.04331736428775266*I,0.31167672307040645-0.36871443248162916*I,0.01977210775905545-0.04341298572310976*I,0.004663200532536319,0.004662713671590108-0.00003547850134840852*I,-0.020101761216677543-0.04332232555763617*I,0.0201221254777028-0.04331736428775269*I,0.004662713671590118+0.000035478501348408584*I,0.004663076258301198,-0.019772107758410085-0.043412985722695537*I,0.3116767230704061+0.3687144324816286*I,-0.020101761216677616+0.04332232555763611*I,-0.0197721077584101+0.04341298572269563*I,0.49533679946719167
0.49446456583503773,0.023486047641987414+0.0462306929291582*I,0.02393432237600147+0.04609561565134255*I,0.27613479878857816-0.3925160968015706*I,0.02348604764198736-0.0462306929291582*I,0.005535692707965438,0.00553482819774798-0.00004988892844494573*I,-0.023900548695917477-0.04610477005765301*I,0.02393432237600152-0.04609561565134257*I,0.005534828197747963+0.00004988892844494619*I,0.005535434165703188,-0.023486047641316246-0.04623069292863661*I,0.27613479878857816+0.3925160968015705*I,-0.023900548695917546+0.046104770057653*I,-0.02348604764131622+0.04623069292863667*I,0.49446430729178714
0.4934492528915651,0.027809983908759533+0.04890135938551147*I,0.028380942154628025+0.04871139607850422*I,0.23472048110120985-0.4148615021752797*I,0.027809983908759554-0.04890135938551145*I,0.006551275473679587,0.006549741039324756-0.00006975108992946564*I,-0.028325671256649296-0.0487280604659619*I,0.028380942154628018-0.04871139607850416*I,0.006549741039324756+0.00006975108992946564*I,0.0065507471092367256,-0.02780998390801617-0.04890135938488187*I,0.23472048110121013+0.41486150217528034*I,-0.02832567125664928+0.04872806046596181*I,-0.027809983908016173+0.048901359384881854*I,0.4934487245261141
0.4922767585895358,0.032803666805173194+0.05129525748437641*I,0.033526091612959885+0.05102952896494143*I,0.1868546979086353-0.4345456509225867*I,0.03280366680517322-0.05129525748437648*I,0.007724305123983303,0.007721583949447232-0.00009684597919502682*I,-0.03343678865303151-0.0510594935288631*I,0.03352609161295991-0.05102952896494142*I,0.007721583949447218+0.00009684597919502674*I,0.00772324141134412,-0.032803666804307054-0.0512952574836588*I,0.18685469790863515+0.4345456509225869*I,-0.03343678865303162+0.05105949352886301*I,-0.03280366680430701+0.0512952574836588*I,0.4922756948758715
0.4909359518747995,0.038512598072329284+0.053244695668473355*I,0.03941942131165325+0.052875359296563444*I,0.13209774719246933-0.4500081410425851*I,0.038512598072329304-0.053244695668473195*I,0.0090661614325935,0.009061342374150603-0.00013333531282220574*I,-0.03927697254702745-0.05292861166138674*I,0.03941942131165325-0.052875359296563444*I,0.009061342374150586+0.00013333531282220564*I,0.009064048126158065,-0.03851259807129676-0.05324469566771466*I,0.13209774719246933+0.45000814104258563*I,-0.03927697254702746+0.05292861166138675*I,-0.03851259807129666+0.05324469566771465*I,0.49093383856734096
0.4894215632421893,0.044955593602343066+0.05453867403599245*I,0.04608297176626233+0.05402928886375176*I,0.07027176642052747-0.45928292162308976*I,0.044955593602343004-0.05453867403599244*I,0.010582584062893542,0.010574067316490665-0.00018168862879513589*I,-0.045858793307464965-0.0541228289399522*I,0.046082971766262304-0.05402928886375167*I,0.0105740673164907+0.00018168862879513526*I,0.010578436758824207,-0.044955593601124624-0.05453867403526782*I,0.0702717664205276+0.4592829216230897*I,-0.04585879330746505+0.05412282893995214*I,-0.04495559360112469+0.054538674035267715*I,0.48941741593712895
0.48773806652546137,0.05210731258639037+0.05491976424171847*I,0.05349257292000475+0.05422378781600522*I,0.001632950814258642-0.4599697366941041*I,0.052107312586390446-0.0549197642417185*I,0.01226997587517041,0.012254967751774853-0.00024445660776557576*I,-0.053144934701628004-0.05438611150411201*I,0.05349257292000472-0.0542237878160053*I,0.012254967751774868+0.00024445660776557413*I,0.012261933475553127,-0.05210731258501113-0.05491976424112277*I,0.0016329508142586707+0.45996973669410496*I,-0.05314493470162814+0.05438611150411194*I,-0.05210731258501111+0.05491976424112273*I,0.4877300241249313
0.4859048761603265,0.05987482527695038+0.054085689649156395*I,0.061552756967231004+0.05314560785459422*I,-0.07289751919019598-0.44925139400004543*I,0.05987482527695021-0.054085689649156395*I,0.0141105317379004,0.014084188582967607-0.0003237839707457368*I,-0.06102258308713877-0.05342362370503533*I,0.06155275696723103-0.05314560785459416*I,0.01408418858296764+0.00032378397074573815*I,0.014095123840606376,-0.05987482527549398-0.05408568964878109*I,-0.07289751919019602+0.449251394000046*I,-0.06102258308713885+0.05342362370503537*I,-0.0598748252754939+0.054085689648780993*I,0.4858894682622496
0.48396292383236433,0.06806787563406837+0.05169937234681276*I,0.07006477602941304+0.050447352779402516*I,-0.1514410527688427-0.4239935415391429*I,0.06806787563406855-0.05169937234681271*I,0.016066219829440398,0.01602022177256004-0.00042052147493708774*I,-0.0692717942094889-0.05091659855728791*I,0.07006477602941313-0.050447352779402536*I,0.016020221772560034+0.00042052147493708676*I,0.016037076168395833,-0.06806787563267343-0.051699372346709*I,-0.15144105276884282+0.42399354153914287*I,-0.06927179420948905+0.05091659855728785*I,-0.06806787563267357+0.05169937234670913*I,0.48393378017069966
0.4819823596396285,0.07636387655317407+0.04741277592698274*I,0.07868883246812415+0.04577429461265465*I,-0.23081932901429142-0.38097864125861797*I,0.07636387655317407-0.047412775926982766*I,0.018071999354386033,0.017992226385196052-0.0005327854630832518*I,-0.07753007937752032-0.04655311669505328*I,0.0786888324681241-0.04577429461265469*I,0.017992226385196007+0.0005327854630832496*I,0.018017640360896245,-0.07636387655199457-0.04741277592712305*I,-0.23081932901429095+0.3809786412586183*I,-0.07753007937752032+0.046553116695053236*I,-0.07636387655199466+0.047412775927122994*I,0.4819280006456748
0.48007050575929494,0.08427135360501523+0.04091142179675079*I,0.08690458757809885+0.038814034239604944*I,-0.3062013184343373-0.3173402319632076*I,0.08427135360501514-0.04091142179675073*I,0.02002930260702101,0.01989215803155724-0.0006538719901687431*I,-0.08525912386079698-0.04008142912756129*I,0.08690458757809884-0.03881403423960496*I,0.01989215803155725+0.0006538719901687452*I,0.019929494241002065,-0.08427135360414677-0.04091142179701535*I,-0.3062013184343363+0.3173402319632077*I,-0.08525912386079695+0.04008142912756112*I,-0.0842713536041467+0.04091142179701535*I,0.47997069739291726
0.4783781351008617,0.09110012286957184+0.03198727628820145*I,0.0939790671759543+0.02937748188798715*I,-0.3708255011337704-0.23126989458282587*I,0.09110012286957196-0.031987276288201444*I,0.021801832679330474,0.02156865378678034-0.0007696427107025247*I,-0.09172530659593289-0.03139178915765235*I,0.09397906717595456-0.029377481887987212*I,0.021568653786780256+0.0007696427107025258*I,0.02162186489931159,-0.09110012286897214-0.03198727628842027*I,-0.3708255011337709+0.23126989458282607*I,-0.0917253065959328+0.03139178915765235*I,-0.09110012286897226+0.0319872762884203*I,0.47819816732051984
0.4771005351796218,0.09595342599498177+0.02064635715741353*I,0.09895872356380477+0.017518049100230776*I,-0.4159527407538734-0.12305286782650299*I,0.09595342599498154-0.020646357157413482*I,0.023217143612478557,0.022826162867152902-0.000855973788872144*I,-0.09601336999754244-0.020628512602050616*I,0.09895872356380458-0.01751804910023082*I,0.022826162867152906+0.000855973788872145*I,0.022899464820586222,-0.09595342599445893-0.020646357157466676*I,-0.4159527407538736+0.12305286782650322*I,-0.09601336999754227+0.020628512602050533*I,-0.09595342599445847+0.020646357157466558*I,0.47678285638743134
0.4764676704382939,0.09776637240204814+0.007251427102062426*I,0.10071234950297783+0.0036891416271048793*I,-0.43129420486997+0.0035755142147074447*I,0.09776637240204789-0.007251427102062462*I,0.024079062948890163,0.023434751022382922-0.0008776852622355677*I,-0.09710041266880763-0.008323495315079022*I,0.10071234950297789-0.0036891416271049044*I,0.023434751022382974+0.000877685262235568*I,0.023532329562049363,-0.09776637240138511-0.007251427101974567*I,-0.43129420486997017-0.0035755142147073774*I,-0.09710041266880745+0.008323495315078986*I,-0.09776637240138551+0.007251427101974529*I,0.4759209370512952
0.47671547658283636,0.0954244541872853-0.0073140187790339305*I,0.09806148655572193-0.011075878096997869*I,-0.4062445216940821+0.1399053004787781*I,0.09542445418728537+0.007314018779033928*I,0.024197115855022527,0.02315780404285967-0.0007914449754729766*I,-0.09402049986923522+0.0044766820728985805*I,0.09806148655572197+0.011075878096997852*I,0.023157804042859727+0.0007914449754729745*I,0.023284523417570282,-0.09542445418646053+0.007314018779119917*I,-0.4062445216940826-0.13990530047877814*I,-0.09402049986923522-0.004476682072898593*I,-0.09542445418646064-0.00731401877911992*I,0.4758028841455517
0.4780290839908736,0.08800026401254031-0.021500455766069723*I,0.09003880609509854-0.025006186511325457*I,-0.3322750388726734+0.27097130859623425*I,0.08800026401254034+0.021500455766069744*I,0.023438352995855727,0.021805218378947278-0.0005558407337446536*I,-0.08613958666615441+0.016144892599986825*I,0.09003880609509866+0.025006186511325485*I,0.021805218378947232+0.0005558407337446523*I,0.02197091600939688,-0.08800026401181764+0.021500455766077904*I,-0.33227503887267257-0.27097130859623453*I,-0.08613958666615437-0.016144892599986808*I,-0.08800026401181764-0.021500455766077915*I,0.47656164700490594
0.48045100749408354,0.07513504739513048-0.03304540594525773*I,0.07630075967931053-0.03554673953214303*I,-0.20669519912779014+0.3753051261687275*I,0.07513504739513044+0.03304540594525775*I,0.021802354642923398,0.019316301462459537-0.0001505484820681993*I,-0.07352455339971053+0.02454963474220167*I,0.07630075967931048+0.035546739532143094*I,0.01931630146245951+0.00015054848206819927*I,0.019548992505951573,-0.07513504739479769+0.03304540594533463*I,-0.20669519912779036-0.375305126168727*I,-0.07352455339971058-0.02454963474220169*I,-0.07513504739479758-0.03304540594533465*I,0.4781976453575444
0.48375699693518387,0.057547265158527594-0.039150990628399635*I,0.05767079167937373-0.039559748694436625*I,-0.03751038640066403+0.42691624530549743*I,0.05754726515852754+0.03915099062839965*I,0.019509846210236107,0.015866543273133908+0.0003992596712146487*I,-0.057323420134024215+0.027357171184353334*I,0.057670791679373626+0.03955974869443652*I,0.015866543273133943-0.00039925967121464507*I,0.016243003064811197,-0.0575472651584676+0.03915099062877646*I,-0.03751038640066404-0.42691624530549815*I,-0.05732342013402422-0.027357171184353362*I,-0.057547265158467635-0.039150990628776576*I,0.4804901537896736
0.4873239550240405,0.03755374118999849-0.03704061170560628*I,0.036685778646462566-0.03393915859176036*I,0.1518611003742631+0.40087660198302194*I,0.03755374118999856+0.037040611705606366*I,0.01707976971704069,0.01197360633767492+0.0010090945302122013*I,-0.039995070707879596+0.022593248186739016*I,0.03668577864646258+0.033939158591760374*I,0.011973606337674924-0.001009094530212203*I,0.012676044976241684,-0.03755374118973713+0.03704061170629334*I,0.15186110037426284-0.4008766019830225*I,-0.03999507070787963-0.02259324818673898*I,-0.03755374118973706-0.03704061170629332*I,0.48292023028274117
0.4900501507860491,0.01933441059749954-0.025007944803860382*I,0.01786100803020185-0.016752769356868685*I,0.3206776752587674+0.2833327346929595*I,0.019334410597499598+0.025007944803860403*I,0.015354108514715366,0.008552295844058574+0.0015609376384403118*I,-0.02519709722546772+0.009383263692093647*I,0.017861008030201856+0.016752769356868764*I,0.008552295844058585-0.0015609376384403129*I,0.00994984921459323,-0.019334410596878873+0.02500794480466211*I,0.32067767525876734-0.2833327346929595*I,-0.02519709722546771-0.009383263692093602*I,-0.019334410596878862-0.025007944804662088*I,0.48464589148543097
0.49043018889470763,0.008499223542559704-0.003881948685195339*I,0.007227175336444707+0.011177347873218493*I,0.4158358336010544+0.08484706648989868*I,0.008499223542559683+0.003881948685195322*I,0.015423273988819776,0.006845127021701893+0.001991551853763529*I,-0.01723857259201332-0.011324638186467452*I,0.007227175336444709-0.011177347873218491*I,0.006845127021701889-0.001991551853763529*I,0.009569811106079976,-0.008499223541932485+0.0038819486860115745*I,0.41583583360105447-0.08484706648989879*I,-0.017238572592013345+0.011324638186467364*I,-0.008499223541932471-0.0038819486860115614*I,0.48457672601115553
0.48690794608041627,0.010456183066220336+0.021574465060363108*I,0.010657503356315021+0.044759271549245354*I,0.3879002094442726-0.1477058800037192*I,0.01045618306622026-0.021574465060363097*I,0.018409105786915132,0.008150571797789165+0.0024055524644868358*I,-0.02019859082533831-0.036204884854617383*I,0.010657503356315027-0.04475927154924538*I,0.00815057179778913-0.0024055524644868305*I,0.013092053920359507,-0.010456183065591476-0.021574465059596395*I,0.38790020944427384+0.1477058800037192*I,-0.020198590825338297+0.036204884854617314*I,-0.010456183065591452+0.02157446505959638*I,0.4815908942125197
0.47857399425311636,0.027381666371186733+0.04240402263720955*I,0.03080635567431993+0.07426001430677623*I,0.21934127355037478-0.3302723681717123*I,0.027381666371186712-0.04240402263720943*I,0.025057415798409984,0.013304352676078119+0.0030552384093302724*I,-0.03677424905307224-0.05907282366002895*I,0.030806355674319986-0.0742600143067765*I,0.013304352676078098-0.0030552384093302507*I,0.021426005747545888,-0.027381666370416734-0.04240402263667176*I,0.21934127355037464+0.33027236817171285*I,-0.036774249053072375+0.05907282366002921*I,-0.027381666370416752+0.04240402263667167*I,0.47494258420138347
0.4660634757303897,0.05457397514962323+0.04788592778706862*I,0.06336839049866319+0.08764705566121743*I,-0.042197913801896456-0.3649581314310347*I,0.05457397514962332-0.04788592778706864*I,0.035069181981346426,0.02196815226204629+0.003987276032875291*I,-0.06624793776702427-0.07054072516986527*I,0.06336839049866337-0.0876470556612177*I,0.021968152262046358-0.0039872760328752916*I,0.03393652427027274,-0.054573975149019446-0.04788592778654841*I,-0.04219791380189648+0.3649581314310351*I,-0.06624793776702423+0.07054072516986513*I,-0.05457397514901936+0.04788592778654838*I,0.46493081801838243
0.4520978380091992,0.07877577550411605+0.031809734790681665*I,0.09505846383700454+0.07698453277781907*I,-0.26797950440014073-0.19783130671973004*I,0.07877577550411569-0.0318097347906818*I,0.04621917492070534,0.032008616081936815+0.0045119078521091045*I,-0.10055635508423669-0.05974049369463582*I,0.09505846383700446-0.07698453277781948*I,0.032008616081936746-0.004511907852109136*I,0.04790216199146525,-0.07877577550341726-0.03180973479046245*I,-0.26797950440014023+0.19783130671972987*I,-0.10055635508423656+0.059740493694635695*I,-0.07877577550341715+0.031809734790462445*I,0.45378082507917705
0.4406479119365413,0.08292674053809822+0.001008834277428977*I,0.10795155308374213+0.04776342942798035*I,-0.2913487533385393+0.10068541406547105*I,0.08292674053809844-0.0010088342774289113*I,0.05400386849578009,0.03967854063165977+0.0034030946849651984*I,-0.12096281300972345-0.02266186277405414*I,0.1079515530837419-0.04776342942798034*I,0.039678540631659674-0.0034030946849651846*I,0.059352088063881536,-0.08292674053816182-0.0010088342770450342*I,-0.29134875333853943-0.10068541406547069*I,-0.12096281300972352+0.02266186277405393*I,-0.08292674053816164+0.001008834277045053*I,0.4459961315040828
0.43393773094626426,0.06036676014641026-0.021646804849861236*I,0.09439051415528238+0.023157514458436116*I,-0.04640137807708669+0.30478800875111334*I,0.06036676014641022+0.02164680484986125*I,0.053711070939663215,0.04167276234066395+0.0005356184378630519*I,-0.10634905885560636+0.023520135346702255*I,0.09439051415528243-0.023157514458436262*I,0.04167276234066393-0.000535618437863011*I,0.06606226905431303,-0.060366760146272444+0.0216468048499108*I,-0.04640137807708672-0.3047880087511127*I,-0.10634905885560633-0.02352013534670218*I,-0.06036676014627231-0.021646804849910762*I,0.4462889290603284
0.42894237151471276,0.03046270004713752-0.012503392890039428*I,0.07471311519064769+0.028117636110311248*I,0.2700877275234458+0.18354665029337805*I,0.03046270004713756+0.012503392890039452*I,0.045742689529650556,0.03903733266282612-0.001983821820851052*I,-0.06055647077209331+0.04124182861560754*I,0.0747131151906477-0.028117636110311154*I,0.039037332662826225+0.001983821820851021*I,0.07105762848597275,-0.030462700047421385+0.012503392891069243*I,0.27008772752344573-0.1835466502933784*I,-0.06055647077209345-0.04124182861560748*I,-0.03046270004742149-0.012503392891069234*I,0.45425731047003237
0.41906337675687894,0.030196644520682516+0.02067516648212065*I,0.08782722814948138+0.0535454177483398*I,0.28354688650882437-0.1758314984078305*I,0.03019664452068243-0.020675166482120602*I,0.03850639266326908,0.038542133773000524-0.0022566196483867996*I,-0.02686685815797827+0.013619503156957171*I,0.08782722814948082-0.0535454177483397*I,0.038542133773000205+0.0022566196483868118*I,0.0809366232438132,-0.030196644520514494-0.020675166481865445*I,0.2835468865088243+0.17583149840783135*I,-0.02686685815797843-0.01361950315695717*I,-0.030196644520514362+0.020675166481865504*I,0.46149360733648154
0.4043248188577195,0.06740718514949845+0.03070624378561778*I,0.13758561641782976+0.04892849407087549*I,-0.07627004086686834-0.3033159216317843*I,0.06740718514949846-0.030706243785617825*I,0.03986225491317389,0.04467730124286077-0.0009680950786725387*I,-0.037923198304316494-0.01931636944105052*I,0.13758561641782976-0.04892849407087561*I,0.04467730124286107+0.0009680950786725301*I,0.09567518114322925,-0.067407185148676-0.030706243785539634*I,-0.07627004086686871+0.30331592163178395*I,-0.0379231983043166+0.019316369441050547*I,-0.06740718514867614+0.030706243785539634*I,0.4601377450863526
0.3977091652236088,0.09011250372595268-0.008763651914962534*I,0.16175993669508515-0.007829071479940553*I,-0.28935218536578+0.037897693590788595*I,0.09011250372595277+0.00876365191496258*I,0.0461020905866591,0.050123559018556606+0.0018655958812954418*I,-0.06447345543273744-0.018393666147133274*I,0.16175993669508473+0.007829071479940577*I,0.05012355901855664-0.001865595881295444*I,0.10229083477727786,-0.09011250372511549+0.008763651915239616*I,-0.28935218536578017-0.037897693590788775*I,-0.06447345543273751+0.01839366614713318*I,-0.09011250372511524-0.008763651915239602*I,0.45389790941316277
0.40857458752118747,0.055901605222619236-0.0421109864391379*I,0.11586991255790567-0.049266397879327045*I,0.03258955596008102+0.2991431892171798*I,0.05590160522261927+0.042110986439137826*I,0.049023478986855266,0.04625931170790664+0.004157867001481318*I,-0.07569295902881859+0.0008539651966258899*I,0.11586991255790613+0.04926639787932704*I,0.04625931170790685-0.0041578670014813255*I,0.09142541247990234,-0.05590160522194391+0.04211098643945666*I,0.032589555960080965-0.29914318921718014*I,-0.07569295902881863-0.0008539651966259061*I,-0.05590160522194389-0.042110986439456564*I,0.4509765210136326
0.42177887622755095,0.026261947249053626-0.012073279357906865*I,0.06909687057582817-0.017348549137716995*I,0.29751356715354577-0.04111679183862118*I,0.026261947249053598+0.012073279357906827*I,0.04537074191096913,0.039671213928862484+0.00011433273221620687*I,-0.06565774270336915+0.01660334858552884*I,0.06909687057582814+0.017348549137717002*I,0.03967121392886269-0.00011433273221619661*I,0.07822112377398117,-0.02626194724804685+0.012073279358662788*I,0.29751356715354604+0.04111679183862116*I,-0.06565774270336912-0.016603348585528893*I,-0.026261947248046858-0.012073279358662807*I,0.45462925808899785
0.4221090595703668,0.06755045626390888+0.0043730398178231395*I,0.09381205309432916+0.0008076547555384762*I,-0.11795272443387729-0.2527401165854304*I,0.06755045626390899-0.004373039817823119*I,0.040743810414344446,0.04033917913421368-0.0001854147773321325*I,-0.06352257622521146+0.005540594690985021*I,0.09381205309432902-0.0008076547555385559*I,0.040339179134213546+0.00018541477733212018*I,0.07789094043059842,-0.06755045626253507-0.004373039817416224*I,-0.11795272443387728+0.25274011658543066*I,-0.06352257622521157-0.005540594690985053*I,-0.0675504562625353+0.0043730398174162246*I,0.4592561895856485
0.43307445285298973,0.06881669452853305-0.05166045970086506*I,0.08219388581383447-0.052284508946071756*I,-0.14735412304320503+0.25416673126572564*I,0.06881669452853309+0.051660459700865226*I,0.035339085525259675,0.03465102016580917+0.001559892805636384*I,-0.07778601063069239+0.0301327942982752*I,0.08219388581383448+0.05228450894607169*I,0.034651020165809204-0.0015598928056363925*I,0.06692554714671202,-0.06881669452825555+0.05166045970081227*I,-0.14735412304320497-0.2541667312657256*I,-0.07778601063069253-0.030132794298275024*I,-0.06881669452825565-0.05166045970081236*I,0.46466091447483593
0.4522671615570071,0.018421760805529038-0.022227724447400864*I,0.03538417983228123-0.01011435874460413*I,0.34692491128786884-0.005614241753827198*I,0.01842176080552907+0.022227724447400874*I,0.01687781839643885,0.015380811855005441-0.003946864726473547*I,-0.019787991157719915+0.029543504895420385*I,0.03538417983228151+0.01011435874460409*I,0.015380811855005474+0.003946864726473547*I,0.04773283844324463,-0.018421760805212514+0.022227724447817825*I,0.3469249112878689+0.005614241753827148*I,-0.01978799115771992-0.029543504895420333*I,-0.01842176080521251-0.022227724447817912*I,0.4831221816034516
0.44360926965333136,0.07664823863981404+0.010560457873280957*I,0.09942290757736713+0.018983495042721874*I,-0.14193245482045205-0.23415709828651304*I,0.07664823863981404-0.010560457873280905*I,0.022641565868479364,0.020612669077200593-0.0010685754868574283*I,-0.0476838013704289-0.04253685994232936*I,0.09942290757736696-0.018983495042721888*I,0.020612669077200677+0.001068575486857454*I,0.056390730347509306,-0.07664823863936755-0.010560457873102355*I,-0.14193245482045222+0.23415709828651288*I,-0.047683801370429005+0.042536859942329364*I,-0.07664823863936741+0.010560457873102337*I,0.47735843413139045
0.4497081996195173,0.060752152841485364-0.040554375344461054*I,0.08102198139033175-0.029978092782790244*I,0.03926869974719556+0.24846260946756651*I,0.060752152841485316+0.040554375344461116*I,0.03164365641430119,0.02364941742928831+0.0022980673927083493*I,-0.08142117091481273+0.02634484223894569*I,0.08102198139033187+0.029978092782790355*I,0.023649417429288312-0.002298067392708352*I,0.05029180038145979,-0.06075215284103647+0.04055437534505632*I,0.03926869974719558-0.24846260946756682*I,-0.08142117091481292-0.02634484223894572*I,-0.06075215284103649-0.040554375345056126*I,0.46835634358592404
0.45495319304371584,0.048183765761799564+0.011746952547878239*I,0.07806332185042397+0.013551485164974807*I,0.09682796205214762-0.17394188870307561*I,0.048183765761799585-0.01174695254787823*I,0.023898136979121968,0.019195504113381813+0.004537036975676276*I,-0.0293138141372537-0.03244423110259685*I,0.07806332185042451-0.013551485164974763*I,0.01919550411338184-0.004537036975676279*I,0.045046806957217564,-0.04818376576138494-0.011746952547550276*I,0.09682796205214741+0.17394188870307517*I,-0.029313814137253754+0.032444231102596886*I,-0.0481837657613849+0.01174695254755025*I,0.4761018630204822
0.44743170951283445,0.05683366691900119-0.008254541885982764*I,0.08321744043004363+0.013923132927932475*I,0.04154754510366432+0.1082398445563745*I,0.056833666919001116+0.00825454188598273*I,0.045627942962443886,0.031016081346297058+0.004739682138571825*I,-0.09267924202828047+0.002780816349663697*I,0.08321744043004355-0.013923132927932418*I,0.031016081346297155-0.004739682138571826*I,0.05256829048734829,-0.05683366691863861+0.008254541885781116*I,0.04154754510366445-0.10823984455637455*I,-0.09267924202828026-0.0027808163496636823*I,-0.05683366691863851-0.008254541885781114*I,0.45437205703743033
0.42367396246170835,0.06329258760896336+0.013884606575158201*I,0.09155612063832226+0.03664412395552593*I,-0.02335823790889849-0.10192410801591754*I,0.06329258760896334-0.013884606575158201*I,0.03651930715038218,0.032529907237871934+0.006190227893197439*I,-0.035494540855329-0.01686397546407681*I,0.09155612063832244-0.036644123955525965*I,0.032529907237872024-0.006190227893197431*I,0.07632603753907494,-0.06329258760833754-0.013884606574832136*I,-0.023358237908898724+0.10192410801591749*I,-0.035494540855329146+0.016863975464076843*I,-0.06329258760833739+0.013884606574832117*I,0.4634806928493294
0.4130041212335821,0.04515866861844909-0.006905127353717706*I,0.06426768467362132+0.00042645525942335406*I,0.13867315665582966+0.04291309450893602*I,0.045158668618448965+0.00690512735371773*I,0.04580110468357288,0.04173340608811117-0.005012642507340491*I,-0.06381534197804563+0.01749099678573293*I,0.0642676846736213-0.0004264552594232743*I,0.04173340608811136+0.005012642507340487*I,0.08699587876619748,-0.04515866861887784+0.006905127354180497*I,0.13867315665582988-0.042913094508935976*I,-0.06381534197804557-0.017490996785732908*I,-0.045158668618877774-0.006905127354180453*I,0.45419889531635554
0.40946368000712446,0.0751843706664268-0.016431095052509597*I,0.07480172186818998-0.0014560073948581412*I,-0.08805371848890284+0.05390913505346626*I,0.07518437066642684+0.016431095052509562*I,0.05060858996091766,0.04061962707856006-0.0037567946082602034*I,-0.09270167276226018+0.004657038283649087*I,0.07480172186819004+0.0014560073948581735*I,0.040619627078559865+0.0037567946082602164*I,0.09053631999400649,-0.07518437066568513+0.01643109505231224*I,-0.088053718488903-0.05390913505346636*I,-0.09270167276226009-0.004657038283649083*I,-0.07518437066568484-0.016431095052312265*I,0.44939141003845723
0.4168738151399071,0.06560347765042125+0.007019278756795476*I,0.08936813166480434-0.009193653110117*I,0.03078214550320036-0.15062550750424833*I,0.06560347765042131-0.007019278756795463*I,0.03966102457646098,0.03150923451270725-0.004160645939029358*I,-0.05541871619567694-0.03558353573541621*I,0.08936813166480473+0.009193653110116986*I,0.03150923451270715+0.004160645939029299*I,0.0831261848610551,-0.0656034776495796-0.007019278755751304*I,0.030782145503200384+0.15062550750424833*I,-0.055418716195677044+0.035583535735416214*I,-0.06560347764957947+0.00701927875575132*I,0.4603389754236719
0.45819846982009116,0.04754103542226655-0.024239893713109167*I,0.0605218587505819-0.04220468710367163*I,0.13670861055721986+0.0662277344058298*I,0.04754103542226656+0.02423989371310909*I,0.03196315478655859,0.02310254990164251+0.0020905206361896207*I,-0.043564750921737894+0.016282189215392262*I,0.06052185875058178+0.04220468710367126*I,0.023102549901642618-0.002090520636189628*I,0.04180153018046392,-0.04754103542211491+0.02423989371408641*I,0.1367086105572199-0.06622773440582976*I,-0.043564750921737956-0.016282189215392286*I,-0.04754103542211493-0.024239893714086514*I,0.4680368452135108
0.46558875778390185,0.049000720774844575-0.010520258888612084*I,0.05509215633027228-0.0015831355072582149*I,0.06684669462571+0.06892971831591868*I,0.0490007207748446+0.010520258888612084*I,0.03343523880510903,0.022217956106971953+0.004240863270255223*I,-0.06487594354018843+0.023936535706430014*I,0.0550921563302721+0.0015831355072582775*I,0.022217956106971977-0.00424086327025527*I,0.034411242216613944,-0.049000720775439745+0.010520258889707024*I,0.06684669462570991-0.06892971831591858*I,-0.06487594354018844-0.02393653570642999*I,-0.04900072077543967-0.010520258889707035*I,0.4665647611947765
0.45109583495646927,0.04863775147101443-0.0042163191566560706*I,0.058610855741564466+0.002687689442885603*I,0.06569135626595408+0.10549525566862906*I,0.04863775147101445+0.004216319156656031*I,0.035866497205210866,0.026251940935737864-0.0032396386073379195*I,-0.056407392310351495+0.0018377130027246937*I,0.05861085574156451-0.0026876894428856544*I,0.026251940935737884+0.003239638607337915*I,0.04890416504415317,-0.04863775147146127+0.004216319156945638*I,0.06569135626595393-0.10549525566862901*I,-0.05640739231035144-0.0018377130027245922*I,-0.04863775147146113-0.004216319156945628*I,0.46413350279486865
0.4234066625169981,0.05370967329486497-0.011542193518178185*I,0.08847628976137399-0.003635737765819265*I,0.0970097861527773+0.1025122959699886*I,0.053709673294864736+0.0115421935181782*I,0.05110607905091439,0.03788748835936978-0.0035123363469555333*I,-0.06900835018817059+0.01311236839667092*I,0.08847628976137469+0.0036357377658193216*I,0.03788748835936968+0.0035123363469555355*I,0.07659333748311056,-0.05370967329493856+0.011542193518705826*I,0.09700978615277749-0.10251229596998873*I,-0.06900835018817034-0.013112368396670909*I,-0.053709673294938594-0.011542193518705815*I,0.44889392094890046
0.4449006352776838,0.041261935710807635-0.028195554491569384*I,0.04579877806036123-0.024634628723350573*I,0.21131879374154977+0.05189107021708053*I,0.04126193571080756+0.028195554491569262*I,0.04562416495353606,0.03222945751565126+0.008108323351849125*I,-0.05349695434986087+0.015035855111596936*I,0.04579877806036117+0.024634628723350427*I,0.03222945751565118-0.00810832335184913*I,0.05509936472318327,-0.041261935710543825+0.028195554492628654*I,0.21131879374154963-0.05189107021708056*I,-0.05349695434986092-0.015035855111597022*I,-0.04126193571054396-0.028195554492628568*I,0.45437583504679585
0.45073073897733273,0.048497268741927835+0.010629880691786171*I,0.08939714239143953+0.010926160464743833*I,-0.027184296962592305-0.17491884474214103*I,0.04849726874192788-0.010629880691786183*I,0.02904378761221316,0.018823604887107746+0.001831501448595442*I,-0.05970501938327748-0.015416130801403524*I,0.08939714239143945-0.01092616046474383*I,0.018823604887107773-0.0018315014485954454*I,0.04926926102347458,-0.048497268740572246-0.01062988069113696*I,-0.027184296962592256+0.1749188447421411*I,-0.05970501938327736+0.015416130801403518*I,-0.04849726874057216+0.010629880691136961*I,0.4709562123874772
0.43446741587046056,0.060243657785695834-0.004624004101100617*I,0.08818481477498949+0.006990024365111448*I,0.028354863558470646+0.16647566410518483*I,0.060243657785695695+0.004624004101100494*I,0.05408337590024364,0.040821043356642904-0.0038754250321547893*I,-0.08853156055811988+0.02194612427271221*I,0.08818481477498956-0.0069900243651115305*I,0.04082104335664307+0.0038754250321547936*I,0.06553258413024267,-0.06024365778548669+0.004624004100665996*I,0.028354863558470493-0.16647566410518488*I,-0.08853156055812003-0.021946124272712197*I,-0.060243657785486675-0.004624004100666005*I,0.44591662409962984
0.4294559720447987,0.06412053235856655-0.016073359884459796*I,0.07809338807527608+0.005162699937960684*I,-0.04159835750293416-0.11078343465710509*I,0.06412053235856661+0.016073359884459782*I,0.056157200848769274,0.03970679763195177+0.008451590634928174*I,-0.08021734539194454+0.011104733915467424*I,0.07809338807527641-0.005162699937960702*I,0.039706797631951625-0.008451590634928119*I,0.07054402795593444,-0.06412053235766045+0.016073359885306695*I,-0.0415983575029343+0.11078343465710476*I,-0.08021734539194413-0.011104733915467487*I,-0.06412053235766028-0.01607335988530678*I,0.44384279915132124
0.46856945560672186,0.028802694653409726+0.001827464046148618*I,0.045529016922047805-0.006485424624934738*I,0.1842963691219709-0.04592685740346585*I,0.028802694653409584-0.001827464046148598*I,0.02778640157914277,0.013707088731007507-0.0033515168514861365*I,-0.05293280911710084-0.002052246831435907*I,0.04552901692204777+0.006485424624934706*I,0.013707088731007476+0.003351516851486145*I,0.03143054439396596,-0.028802694653501253-0.001827464045419155*I,0.18429636912197073+0.04592685740346594*I,-0.052932809117100826+0.0020522468314358886*I,-0.028802694653501264+0.0018274640454191663*I,0.4722135984204949
0.4167980013866645,0.06774392751373635-0.013037730621746093*I,0.07044884382649251+0.007446015039806287*I,0.0252990703133583+0.04038761110275093*I,0.06774392751373613+0.013037730621746041*I,0.06356000764295265,0.05134071568261045+0.0024648511058609273*I,-0.09062960866753295+0.012322823602093365*I,0.07044884382649258-0.007446015039806246*I,0.051340715682610616-0.002464851105860928*I,0.08320199861365686,-0.06774392751427541+0.013037730622085901*I,0.025299070313358315-0.040387611102750826*I,-0.09062960866753325-0.01232282360209337*I,-0.06774392751427538-0.013037730622085903*I,0.43643999235715236
0.46051266352385506,0.05166291754478371-0.021187046424461276*I,0.05636663278834834-0.013215641257317631*I,0.05377153916832633+0.06400740119920523*I,0.05166291754478378+0.021187046424461276*I,0.031050088117981017,0.02143730626445367-0.0016113082685360036*I,-0.06104931132168761+0.029327365537262562*I,0.05636663278834843+0.013215641257317579*I,0.021437306264453657+0.0016113082685360008*I,0.03948733647618134,-0.051662917545081004+0.021187046425291227*I,0.05377153916832617-0.06400740119920509*I,-0.061049311321687366-0.029327365537262604*I,-0.05166291754508114-0.021187046425291303*I,0.46894991188153334
0.407652908561987,0.049316460390074174-0.0089333610851331*I,0.08318039140087283-0.0016542557868965183*I,0.1292241513154163+0.06108537177160427*I,0.04931646039007418+0.00893336108513311*I,0.04964069023528438,0.043376943417760515-0.0004548773722412301*I,-0.061949769041657554+0.0094890622623759*I,0.08318039140087292+0.0016542557868965142*I,0.043376943417760744+0.0004548773722412301*I,0.09234709143859669,-0.049316460389449285+0.00893336108577933*I,0.12922415131541626-0.061085371771604335*I,-0.06194976904165744-0.00948906226237591*I,-0.04931646038944915-0.008933361085779369*I,0.4503593097649451
0.45566442242406524,0.07047088940593249+0.008554825487462937*I,0.07991950577261872+0.025652338290059837*I,-0.14290772380759859-0.09039224938040644*I,0.07047088940593241-0.008554825487462968*I,0.03541677249358954,0.023333674146555017-0.0010137168960137784*I,-0.0809523777780558-0.020038682022104487*I,0.07991950577261864-0.025652338290059834*I,0.023333674146555006+0.001013716896013787*I,0.04433557757656722,-0.07047088940487112-0.008554825487276865*I,-0.14290772380759864+0.09039224938040644*I,-0.08095237777805618+0.02003868202210442*I,-0.07047088940487135+0.008554825487276879*I,0.4645832275059496
0.44112735548851273,0.04898800271702563+0.01655498112883467*I,0.05611545140760383+0.01991636692276384*I,0.08875862995257326-0.2111558904761151*I,0.04898800271702591-0.016554981128834655*I,0.038144554531054,0.03313827344281661-0.0018403943950649141*I,-0.04623131311252659-0.015059863967624829*I,0.056115451407603684-0.019916366922763877*I,0.03313827344281644+0.0018403943950648885*I,0.05887264451168429,-0.048988002716477526-0.016554981128523973*I,0.08875862995257308+0.2111558904761151*I,-0.04623131311252657+0.015059863967624784*I,-0.048988002716477526+0.01655498112852395*I,0.4618554454682694
0.4452258560125787,0.0488025424354283+0.006353085414565887*I,0.06199055765517016+0.021587897651415305*I,0.08155837604437834-0.09730488551818685*I,0.048802542435428524-0.006353085414565897*I,0.03010029837379978,0.020790724967954418+0.00633104672177346*I,-0.04466678289948213-0.0035906062805017708*I,0.061990557655170406-0.021587897651415156*I,0.020790724967954383-0.006331046721773414*I,0.05477414398780583,-0.04880254243440784-0.0063530854146438545*I,0.08155837604437846+0.09730488551818685*I,-0.04466678289948221+0.003590606280501767*I,-0.048802542434407875+0.00635308541464384*I,0.46989970162590045
0.43562372861381543,0.06626875640747724-0.00746374191127805*I,0.07325302773389598-0.002485489824010798*I,-0.022379682426001385-0.05239619037135362*I,0.06626875640747708+0.007463741911278056*I,0.039506037035704974,0.03122762243992766+0.0023300488669682367*I,-0.06074755416420211-0.006930548210275682*I,0.07325302773389616+0.002485489824010827*I,0.03122762243992772-0.002330048866968232*I,0.06437627138712484,-0.066268756406228+0.007463741911967413*I,-0.022379682426001402+0.05239619037135368*I,-0.06074755416420214+0.0069305482102756544*I,-0.06626875640622815-0.007463741911967346*I,0.46049396296439726
0.4183796668605468,0.05341458839800139-0.017885469664125173*I,0.08228843168696788-0.0007151145356635304*I,0.11055356407864551+0.0932585343089607*I,0.05341458839800127+0.01788546966412515*I,0.04320184573261994,0.04144614367157188-0.005170554671957411*I,-0.04712349039951886+0.03382504310685774*I,0.08228843168696785+0.0007151145356635211*I,0.04144614367157183+0.005170554671957413*I,0.08162033314001461,-0.05341458839796239+0.01788546966437084*I,0.11055356407864556-0.09325853430896053*I,-0.047123490399518866-0.033825043106857744*I,-0.05341458839796246-0.01788546966437083*I,0.4567981542666579
0.4204425177860387,0.05387192934312744-0.010036569264723946*I,0.09427138289059994+0.006927507007334504*I,0.0415802196830834+0.09428873987098856*I,0.05387192934312752+0.0100365692647239*I,0.04692831063699084,0.04034099739310313-0.004645695183141652*I,-0.06304631845024711+0.01726675702876649*I,0.09427138289059978-0.00692750700733457*I,0.0403409973931033+0.00464569518314167*I,0.0795574822150977,-0.053871929342237654+0.010036569265189019*I,0.04158021968308334-0.09428873987098857*I,-0.06304631845024719-0.017266757028766552*I,-0.05387192934223768-0.010036569265189026*I,0.45307168936274356
0.4295546033479192,0.044336199645773025-0.006184752947539723*I,0.08075689540213113-0.004658692287189584*I,0.10232171789634402-0.02695180249037542*I,0.04433619964577297+0.0061847529475396994*I,0.03942632752715819,0.031247920722614415-0.00009839693915654528*I,-0.05191678550823405+0.01177925276097922*I,0.08075689540213095+0.004658692287189581*I,0.03124792072261433+0.00009839693915654857*I,0.07044539665307818,-0.044336199645522885+0.006184752947781415*I,0.10232171789634405+0.026951802490375397*I,-0.051916785508234094-0.011779252760979233*I,-0.044336199645522864-0.006184752947781374*I,0.4605736724726904
0.429734957173847,0.05951280539721428-0.012701582378688589*I,0.0706430692748374-0.0018458985003220177*I,0.0031908354216673464+0.038580320712799474*I,0.05951280539721398+0.012701582378688585*I,0.04631373887393114,0.03532486861590587+0.002655202145962937*I,-0.07474483778539126+0.0017236900989533103*I,0.07064306927483764+0.0018458985003220506*I,0.035324868615905884-0.0026552021459629324*I,0.07026504282626583,-0.059512805397592+0.012701582379112564*I,0.0031908354216672523-0.0385803207127995*I,-0.07474483778539141-0.0017236900989533051*I,-0.059512805397592065-0.012701582379112564*I,0.4536862611252151
0.41242571166361197,0.049525636146968414-0.02106289154290346*I,0.06653959310347109-0.022960258098493776*I,0.08940093395063742+0.04473788649934216*I,0.04952563614696836+0.021062891542903448*I,0.05067282324032031,0.03762760495863101+0.0003465961119051413*I,-0.06662638060571714+0.009825204306909727*I,0.06653959310347071+0.022960258098493832*I,0.03762760495863086-0.0003465961119051477*I,0.08757428833721412,-0.049525636146753184+0.021062891544092455*I,0.08940093395063736-0.04473788649934213*I,-0.06662638060571693-0.009825204306909713*I,-0.04952563614675306-0.021062891544092497*I,0.4493271767586284
0.4520167151685377,0.05836371383044669-0.014473757669825824*I,0.069355386525893-0.010300440934524814*I,-0.036854986119612236-0.026075388431135015*I,0.058363713830446584+0.014473757669825832*I,0.04485648150932479,0.026900470703018535-0.000028565972091854205*I,-0.078146318750869+0.0051133168973106725*I,0.06935538652589301+0.010300440934524792*I,0.02690047070301839+0.000028565972091833863*I,0.04798328483166194,-0.058363713830019974+0.014473757669514413*I,-0.036854986119612285+0.026075388431134855*I,-0.07814631875086907-0.005113316897310655*I,-0.05836371383001983-0.014473757669514347*I,0.4551435184908158
0.43340980702041443,0.05954859291022544-0.0037203509994227953*I,0.058197123718228376+0.003886398707258957*I,0.02078943117514289+0.11405181866707126*I,0.05954859291022555+0.00372035099942285*I,0.046482399698792656,0.030233696917572998-0.0006329849605720504*I,-0.07049170293921793+0.007114303619939732*I,0.05819712371822845-0.0038863987072589395*I,0.030233696917572984+0.0006329849605720634*I,0.0665901929800602,-0.05954859290976822+0.003720350999150316*I,0.020789431175142904-0.11405181866707129*I,-0.07049170293921794-0.00711430361993973*I,-0.05954859290976837-0.0037203509991502815*I,0.45351760030102123
0.43565268991590916,0.0530886905311258-0.019477004764610194*I,0.0838915449723903-0.01260980046589375*I,0.02229571408839528+0.048141994977593326*I,0.053088690531125735+0.019477004764610173*I,0.04427370454570121,0.034249156866104614+0.00020103068901673605*I,-0.07181522567480096+0.006307198189191924*I,0.08389154497239086+0.012609800465893767*I,0.03424915686610453-0.0002010306890167319*I,0.06434731008474137,-0.053088690530617794+0.01947700476522195*I,0.022295714088395438-0.04814199497759336*I,-0.07181522567480107-0.006307198189191925*I,-0.05308869053061775-0.019477004765221975*I,0.4557262954545697
0.4378628701200325,0.038005601374588006+0.0036515061187830282*I,0.04377448151436465+0.007209414537189307*I,0.1363339006850359+0.020018127267464225*I,0.03800560137458802-0.0036515061187830135*I,0.0350418764473846,0.020908482636096966-0.0023527269341515776*I,-0.042882774687027156-0.00852532209856032*I,0.04377448151436452-0.007209414537189369*I,0.020908482636096917+0.0023527269341515654*I,0.06213712988075593,-0.038005601373399374-0.0036515061181025808*I,0.13633390068503576-0.020018127267464162*I,-0.04288277468702705+0.00852532209856032*I,-0.038005601373399436+0.003651506118102581*I,0.4649581235524147
0.4480665299387864,0.0435098968010888-0.006823012538032925*I,0.06308934112175138-0.007083106934085737*I,0.09494097441775214+0.0017146533953178215*I,0.04350989680108872+0.006823012538032934*I,0.03793146434566609,0.022224955022131045-0.0018246477425616792*I,-0.05185598614205389-0.003641541125026796*I,0.06308934112175173+0.007083106934085755*I,0.022224955022131013+0.0018246477425616719*I,0.051933470061801816,-0.04350989680060091+0.006823012538450215*I,0.09494097441775232-0.0017146533953178852*I,-0.05185598614205381+0.0036415411250268195*I,-0.04350989680060088-0.006823012538450168*I,0.462068535654493
0.43270756080723,0.05320882850552763+0.004821944949871622*I,0.07352498077546289+0.0011441996111565367*I,0.044198527184823026-0.09388544230778312*I,0.05320882850552772-0.004821944949871573*I,0.048690984379446224,0.028949094806838802+0.0031922113182168243*I,-0.0791657382483826-0.012006691182729541*I,0.07352498077546255-0.001144199611156533*I,0.028949094806838785-0.0031922113182168196*I,0.06729243919322404,-0.05320882850461869-0.004821944949364712*I,0.04419852718482295+0.09388544230778317*I,-0.07916573824838283+0.012006691182729547*I,-0.05320882850461891+0.0048219449493647135*I,0.45130901562072184
0.4444120862263765,0.03877273089181995+0.00974616459471213*I,0.04131708212584385+0.009298534311078532*I,0.1224369045567374-0.011915124510380359*I,0.03877273089182002-0.009746164594712128*I,0.03908771105145978,0.02281663845487836-0.00516670800884974*I,-0.05410996561759132-0.010971998610045417*I,0.04131708212584388-0.009298534311078563*I,0.02281663845487844+0.005166708008849741*I,0.055587913774442825,-0.0387727308908847-0.009746164594408286*I,0.12243690455673718+0.011915124510380305*I,-0.05410996561759171+0.010971998610045332*I,-0.03877273089088482+0.009746164594408286*I,0.460912288948367
0.41091086932629,0.046929148048701-0.004552522403743533*I,0.08592672769510241+0.02139510559479434*I,0.04977595867215117+0.01162700032881815*I,0.04692914804870108+0.004552522403743541*I,0.04267160444891081,0.030144895166921915+0.004490612591654329*I,-0.045523663004686944-0.007220630879293509*I,0.08592672769510262-0.02139510559479424*I,0.03014489516692178-0.004490612591654297*I,0.08908913067372003,-0.04692914804793687+0.004552522403780835*I,0.04977595867215124-0.011627000328818197*I,-0.045523663004686736+0.007220630879293467*I,-0.04692914804793678-0.0045525224037808116*I,0.45732839555155436
0.4098086184915061,0.04756377390301678-0.01637064327770751*I,0.060315616512160684+0.008568874124481147*I,0.11707207971096543+0.14044650522923013*I,0.04756377390301692+0.016370643277707507*I,0.039806331104115536,0.030971217819441815+0.0026579387442100364*I,-0.050828759195606296+0.004603794635640564*I,0.06031561651216072-0.008568874124481178*I,0.0309712178194418-0.0026579387442100476*I,0.09019138150924651,-0.04756377390314161+0.016370643278235245*I,0.11707207971096564-0.14044650522922975*I,-0.05082875919560635-0.004603794635640578*I,-0.047563773903141496-0.016370643278235217*I,0.46019366889561053
0.4399681265194932,0.05358901873961703-0.012067930963658328*I,0.06670623408223114-0.028403457610344976*I,-0.005228606215349274+0.0624699659093075*I,0.05358901873961699+0.012067930963658284*I,0.054364200965156394,0.033941646496686524+0.0010441620369568943*I,-0.0769233503230236+0.014352361359990004*I,0.06670623408223106+0.028403457610345004*I,0.03394164649668664-0.0010441620369568917*I,0.06003187348137578,-0.05358901873957425+0.012067930964996018*I,-0.0052286062153492525-0.06246996590930756*I,-0.07692335032302368-0.014352361359990008*I,-0.05358901873957435-0.012067930964995997*I,0.44563579903472406
0.417598623756082,0.049409662990693944+0.012703596458073016*I,0.04637269828918876+0.0549518617946485*I,0.11096207530447029-0.05918685541717893*I,0.04940966299069383-0.01270359645807317*I,0.04869801548330868,0.03140608176111365+0.0022951053401893276*I,-0.051069809092942134-0.0010740964885979265*I,0.04637269828918868-0.054951861794648574*I,0.031406081761113674-0.0022951053401893203*I,0.08240137624523872,-0.049409662989721354-0.012703596457261816*I,0.11096207530447018+0.05918685541717888*I,-0.05106980909294234+0.001074096488597942*I,-0.04940966298972136+0.012703596457261861*I,0.4513019845171748
0.420213527139486,0.06338795361691538-0.013252279553255888*I,0.08590088606310861-0.0020899319895978487*I,-0.021800264663457015+0.0229471375860654*I,0.06338795361691536+0.013252279553255869*I,0.05000901362277369,0.0301436162700707+0.003188636541464046*I,-0.05568520384542338+0.018542235544120676*I,0.0859008860631084+0.0020899319895978223*I,0.030143616270070707-0.003188636541464048*I,0.07978647286122251,-0.06338795361678422+0.013252279553977902*I,-0.02180026466345701-0.022947137586065435*I,-0.05568520384542331-0.018542235544120694*I,-0.06338795361678431-0.013252279553977902*I,0.44999098637737345
0.43004848955277336,0.04317542886644808+0.007789135102508872*I,0.05452817610930705-0.01291166206363344*I,0.1290590281655908+0.036309836377749975*I,0.0431754288664482-0.007789135102508917*I,0.05362107847777845,0.03195755643599281-0.00850573266504553*I,-0.06700368633854789+0.004003452195429835*I,0.0545281761093071+0.012911662063633452*I,0.031957556435992865+0.008505732665045534*I,0.06995151044794809,-0.043175428865584134-0.007789135102429017*I,0.12905902816559087-0.03630983637774996*I,-0.06700368633854799-0.004003452195429808*I,-0.043175428865584065+0.007789135102428971*I,0.44637892152250375
0.4217255484426705,0.0507103594281418-0.010913621200128119*I,0.08303804558886778-0.005554669283363787*I,0.043304859298036034+0.06429899763582382*I,0.05071035942814187+0.01091362120012809*I,0.046660985533242216,0.029541165153489597-0.0027144002094419174*I,-0.0575562388280507+0.0027636385261624787*I,0.08303804558886764+0.0055546692833637855*I,0.029541165153489764+0.0027144002094419356*I,0.078274451558178,-0.05071035942731334+0.01091362120015129*I,0.04330485929803581-0.06429899763582397*I,-0.05755623882805061-0.0027636385261624696*I,-0.05071035942731325-0.010913621200151267*I,0.4533390144666391
0.4079402714847613,0.05329016285992889-0.0022879002229358072*I,0.05188935375627627-0.0012468959665847261*I,0.026083537644710518-0.004097332788189219*I,0.05329016285992882+0.0022879002229358155*I,0.055456340662716604,0.029533540868166303+0.002508236838464765*I,-0.0766984345525717+0.006521300399858468*I,0.05188935375627629+0.001246895966584716*I,0.029533540868166223-0.002508236838464771*I,0.09205972851624367,-0.053290162859196584+0.002287900223532234*I,0.026083537644710626+0.004097332788189203*I,-0.07669843455257194-0.006521300399858449*I,-0.053290162859196646-0.002287900223532222*I,0.4445436593371738
0.3895533448465112,0.06239664354476147+0.004941029166668526*I,0.10053894617991105+0.010063739167124733*I,-0.065614297328096-0.06930718820201406*I,0.06239664354476155-0.004941029166668514*I,0.051373772030344544,0.03372372272669423+0.00408589610113811*I,-0.06636711128299584-0.010740422314530733*I,0.10053894617991078-0.010063739167124674*I,0.03372372272669421-0.004085896101138066*I,0.11044665515400745,-0.062396643544230544-0.004941029166492987*I,-0.06561429732809618+0.06930718820201406*I,-0.06636711128299598+0.010740422314530748*I,-0.062396643544230385+0.004941029166492991*I,0.4486262279693493
0.43535292464936215,0.06490959363775153+0.00373490644438806*I,0.058986200663497405+0.008369349912615684*I,-0.08853847118323278-0.06672275530138161*I,0.06490959363775183-0.003734906444388086*I,0.05239471306771256,0.025888352881690918-0.0017163885018744562*I,-0.06948220706908592-0.009339677337946658*I,0.058986200663497426-0.008369349912615636*I,0.025888352881690963+0.001716388501874465*I,0.06464707535156407,-0.06490959363758807-0.0037349064438281327*I,-0.0885384711832326+0.06672275530138137*I,-0.06948220706908637+0.009339677337946705*I,-0.06490959363758786+0.003734906443828146*I,0.447605286931847
0.41815236581807746,0.04421975370456165-0.011434964013846569*I,0.052931828636569284+0.016307985731854865*I,0.037744507091375876+0.1420293591764265*I,0.04421975370456155+0.01143496401384655*I,0.0574566126914445,0.02248267671725104-0.005497502894705387*I,-0.08142269033859949+0.023422001909817115*I,0.05293182863656934-0.01630798573185483*I,0.022482676717251012+0.005497502894705334*I,0.08184763418220613,-0.04421975370453574+0.011434964014163804*I,0.037744507091375876-0.14202935917642717*I,-0.08142269033859946-0.023422001909817008*I,-0.04421975370453564-0.011434964014163761*I,0.4425433873085701
0.4227329575637715,0.048699991468395015+0.0013355788847888043*I,0.050958277753644136-0.0006462519291345853*I,0.06814961280417846+0.08095626945716218*I,0.04869999146839494-0.0013355788847888004*I,0.05728975108699989,0.027248512307599743+0.0021694566734087686*I,-0.0695695236400879-0.0033689496438357165*I,0.050958277753644386+0.0006462519291345885*I,0.02724851230759971-0.0021694566734087703*I,0.07726704243674128,-0.048699991467780805-0.0013355788846292531*I,0.06814961280417846-0.08095626945716211*I,-0.0695695236400878+0.00336894964383572*I,-0.04869999146778069+0.0013355788846292516*I,0.4427102489125774
0.3961229630734147,0.027114880926363213+0.011468753493118258*I,0.046722080955943164+0.027454993802915245*I,0.06584113001329112-0.01541466011575592*I,0.02711488092636317-0.011468753493118197*I,0.05460767497724706,0.030845679032825805-0.008743065867537595*I,-0.06946690078275279+0.002267440030743635*I,0.046722080955943185-0.02745499380291518*I,0.030845679032825982+0.008743065867537656*I,0.10387703692671756,-0.027114880925976727-0.011468753492725208*I,0.06584113001329095+0.015414660115755952*I,-0.06946690078275293-0.002267440030743596*I,-0.027114880925976748+0.011468753492725256*I,0.44539232502264653
0.40866193417425994,0.03877253328396892+0.010109087246573245*I,0.05336421751644762-0.010881178860888033*I,0.06145442777860685-0.1353737979856009*I,0.038772533283968916-0.010109087246573252*I,0.04744811248407534,0.03089717509877397-0.00003648425117659105*I,-0.058230918500644685-0.010245852073925841*I,0.053364217516447196+0.010881178860887896*I,0.03089717509877391+0.000036484251176591053*I,0.09133806582670591,-0.038772533283446445-0.010109087245399962*I,0.061454427778606865+0.1353737979856009*I,-0.05823091850064467+0.010245852073925824*I,-0.03877253328344662+0.010109087245399946*I,0.4525518875161893
0.4308002913146921,0.03210612311111314+0.022557340840661317*I,0.04474645462600605+0.00786290811055027*I,0.15648852707205696-0.10994621062875273*I,0.03210612311111307-0.022557340840661296*I,0.05156971389534384,0.018438225821718043-0.003966373330620676*I,-0.060596746952610615+0.008069648202176535*I,0.04474645462600614-0.00786290811055028*I,0.01843822582171803+0.0039663733306206875*I,0.06919970868632631,-0.032106123110473686-0.022557340840484*I,0.1564885270720574+0.10994621062875262*I,-0.060596746952610775-0.008069648202176573*I,-0.032106123110473665+0.02255734084048404*I,0.44843028610485663
0.40722258912545795,0.0500351634318034-0.023036774316203993*I,0.07833322799133986-0.03487220301044763*I,-0.0219096771308357+0.1234604340564244*I,0.05003516343180328+0.023036774316204007*I,0.048640643740841386,0.020501716884417792-0.0029107028891375824*I,-0.05010741488350329+0.014308650515608376*I,0.07833322799134004+0.03487220301044773*I,0.020501716884417726+0.0029107028891376*I,0.09277741087510809,-0.050035163431579426+0.02303677431722412*I,-0.021909677130835633-0.1234604340564244*I,-0.0501074148835033-0.014308650515608375*I,-0.05003516343157941-0.023036774317224194*I,0.45135935625946466
0.43080689305276226,0.04256083822876049-0.0008799539446321058*I,0.05368017747051152-0.0061993684541539916*I,0.03381398457782341+0.03536390537114618*I,0.042560838228760466+0.0008799539446321201*I,0.05411252699252806,0.02292317863789351+0.00028781526726198736*I,-0.057339890406899956+0.018020109630628098*I,0.053680177470511604+0.006199368454153988*I,0.022923178637893553-0.0002878152672619856*I,0.06919310694809974,-0.042560838228515877+0.0008799539452477832*I,0.03381398457782342-0.0353639053711462*I,-0.05733989040689985-0.018020109630628122*I,-0.04256083822851587-0.0008799539452477745*I,0.4458874730071883
0.39339590870636887,0.040127124782363736-0.00012391771401163543*I,0.09827443498269119-0.02237483582589829*I,-0.050833752118768206-0.03401064665173047*I,0.04012712478236392+0.00012391771401161977*I,0.05226002854094083,0.01263268280528982-0.00890706587844449*I,-0.06328411410277714-0.019408138652926666*I,0.09827443498269078+0.022374835825898387*I,0.012632682805289782+0.008907065878444443*I,0.10660409129389863,-0.04012712478147431+0.00012391771356115463*I,-0.05083375211876814+0.034010646651730495*I,-0.06328411410277725+0.019408138652926753*I,-0.04012712478147429-0.0001239177135611522*I,0.4477399714590256
0.42180872153299565,0.04750658240154988-0.007369874555415859*I,0.06013346863107796+0.03308641374700854*I,-0.006614190402690732+0.03274706552616355*I,0.04750658240154968+0.007369874555415881*I,0.06403402895696586,0.029456659209756632+0.0016526685268144134*I,-0.08811895520110975+0.010159499108608253*I,0.06013346863107812-0.03308641374700879*I,0.029456659209756562-0.0016526685268144037*I,0.07819127846757809,-0.0475065824010031+0.007369874555832981*I,-0.006614190402690437-0.03274706552616356*I,-0.08811895520110995-0.010159499108608253*I,-0.04750658240100306-0.007369874555832992*I,0.4359659710427025
0.4228677396555732,0.032648910133045335+0.0022538353627367274*I,0.07118778655363088+0.004905109504742943*I,0.051954908269329136-0.12176316573762799*I,0.03264891013304527-0.002253835362736728*I,0.04849847599585388,0.02133297869607252+0.0048965155546329036*I,-0.071681433566384+0.00009013305599697648*I,0.07118778655363078-0.004905109504742903*I,0.021332978696072553-0.0048965155546328975*I,0.07713226034451594,-0.03264891013255177-0.002253835362508152*I,0.05195490826932915+0.1217631657376282*I,-0.0716814335663844-0.00009013305599698109*I,-0.032648910132551785+0.002253835362508162*I,0.4515015240044179
0.40367035638398663,0.0428982370168663-0.01798573844324028*I,0.050150563619701494-0.01986154925602576*I,0.046051725843102305+0.10826921508421859*I,0.04289823701686608+0.01798573844324026*I,0.061401461810532736,0.02472212422038886-0.004314621989816904*I,-0.0697185866997169+0.03960945810099304*I,0.050150563619701556+0.019861549256025814*I,0.024722124220388914+0.004314621989816903*I,0.09632964361647546,-0.042898237016762576+0.01798573844326425*I,0.046051725843102305-0.10826921508421851*I,-0.0697185866997168-0.03960945810099298*I,-0.04289823701676256-0.0179857384432643*I,0.43859853818884953
0.42334935012521746,0.05428270762239011-0.006768623863517767*I,0.0591471421387259+0.0005763781887120092*I,-0.04945513674629318-0.01575709864038307*I,0.054282707622390014+0.0067686238635177925*I,0.050147626907847624,0.019501762099646536+0.00394401364949856*I,-0.05972412907755727+0.009214552928328946*I,0.05914714213872592-0.0005763781887120108*I,0.019501762099646578-0.003944013649498568*I,0.0766506498754716,-0.05428270762140165+0.006768623864132656*I,-0.04945513674629347+0.015757098640382956*I,-0.05972412907755723-0.009214552928328953*I,-0.05428270762140167-0.0067686238641326574*I,0.4498523730922708
0.4260959943668757,0.03847033131876177+0.0016342042309258568*I,0.05794908935296573+0.02365464674578593*I,0.052231879967188706-0.03563719662654039*I,0.038470331318761875-0.0016342042309258806*I,0.05051328610612153,0.02477953684899937+0.0018285064909263338*I,-0.05421620176421276-0.000264265885440768*I,0.05794908935296563-0.023654646745786056*I,0.024779536848999265-0.0018285064909263386*I,0.07390400563338025,-0.038470331318475215-0.0016342042305166665*I,0.05223187996718882+0.03563719662654041*I,-0.054216201764213046+0.00026426588544075405*I,-0.03847033131847516+0.0016342042305166637*I,0.44948671389397565
0.4312764404522576,0.04338730571222074-0.0340213497570379*I,0.06735219363021809+0.00006673323200579145*I,0.06605799687578008+0.17290379456649146*I,0.043387305712220894+0.03402134975703805*I,0.0470561163696319,0.01827045537330411+0.0075454030196593705*I,-0.06053418409264802+0.01678378962551544*I,0.06735219363021816-0.00006673323200575236*I,0.018270455373304084-0.007545403019659359*I,0.06872355954845537,-0.04338730571196327+0.03402134975693955*I,0.06605799687577997-0.17290379456649163*I,-0.06053418409264814-0.016783789625515414*I,-0.04338730571196343-0.034021349756939545*I,0.45294388363062743
0.422136280684486,0.04872569638193627-0.015701768490296298*I,0.08149179519769921+0.004254638388858644*I,0.04053597792511456+0.0035118322926549683*I,0.048725696381936114+0.01570176849029629*I,0.058914395107794636,0.03030884636397296+0.00935343860361542*I,-0.07493401763143091-0.00036725033055724483*I,0.08149179519769954-0.004254638388858644*I,0.03030884636397299-0.00935343860361544*I,0.0778637193160637,-0.0487256963813742+0.01570176849043347*I,0.04053597792511468-0.003511832292655048*I,-0.07493401763143112+0.0003672503305572328*I,-0.04872569638137413-0.015701768490433456*I,0.4410856048927088
0.4368977650633887,0.053917725567166355-0.0015665480869015327*I,0.05501995002467687+0.01204333183029871*I,-0.020596261237821076-0.03467228298263466*I,0.053917725567166355+0.0015665480869015325*I,0.04095614596787416,0.016414313845789945+0.004905046786348685*I,-0.036864739642310566-0.005389829448538722*I,0.055019950024676724-0.01204333183029873*I,0.016414313845789945-0.004905046786348693*I,0.06310223493723224,-0.05391772556598781+0.001566548086659215*I,-0.020596261237821066+0.03467228298263473*I,-0.03686473964231057+0.0053898294485387336*I,-0.053917725565987916-0.0015665480866591986*I,0.4590438540322688
0.42884138787533116,0.049306956213228746-0.016864401977949414*I,0.04716799274712441-0.008611602911274666*I,0.04491322643546776+0.009763029939828858*I,0.04930695621322878+0.016864401977949434*I,0.05899679779806118,0.01914282652553929+0.008189494198632765*I,-0.06989686569839867-0.012773171806949632*I,0.0471679927471244+0.008611602911274678*I,0.019142826525539253-0.008189494198632772*I,0.07115861212544344,-0.04930695621285864+0.016864401978145885*I,0.04491322643546784-0.009763029939828853*I,-0.06989686569839917+0.012773171806949637*I,-0.049306956212858744-0.016864401978145867*I,0.44100320220128997
0.4275189866775164,0.05033059953535864-0.000014246512868037954*I,0.03580913492802533-0.011416197395309522*I,0.04508632016198944-0.0613430785514436*I,0.05033059953535861+0.000014246512867994911*I,0.053943356502809195,0.021412648254642352+0.008639843299542387*I,-0.041433506627950464-0.012542172748306308*I,0.03580913492802532+0.011416197395309526*I,0.021412648254642293-0.008639843299542399*I,0.07248101332375742,-0.05033059953361877+0.000014246513584310156*I,0.04508632016198981+0.06134307855144374*I,-0.04143350662795039+0.012542172748306327*I,-0.050330599533619055-0.000014246513584329889*I,0.44605664349808555
