"Choi matrices from t=0 to t=1000 log spaced, 100 points. Initial state of environment generated with SeedRandom[17089];ψ=RandomChainProductState[L-1];"
0.49944830751019925,0.0017646542601171405+0.01643535032101151*I,0.001766323564874537+0.016435238767183814*I,0.4797976694938815-0.10491967963427518*I,0.0017646542601171345-0.016435350321011614*I,0.0005516875536564284,0.0005516886553598799-1.673567794107457*^-7*I,-0.0017729710124261334-0.016434794962634818*I,0.0017663235648745336-0.016435238767183773*I,0.0005516886553598812+1.6735677941072117*^-7*I,0.0005516924898429721,-0.001764654260002443-0.016435350321109803*I,0.47979766949388186+0.10491967963427527*I,-0.0017729710124261334+0.016434794962634874*I,-0.0017646542600024372+0.01643535032110992*I,0.4994483124463417
0.4993364323977878,0.002121560889889549+0.017986153658765488*I,0.002123177806006197+0.017986034983153692*I,0.4757075806126658-0.11469672537228341*I,0.002121560889889546-0.017986153658765477*I,0.0006635589816213471,0.0006635609060321419-2.369332953574616*^-7*I,-0.002132810429803196-0.017985328951157703*I,0.002123177806006183-0.017986034983153643*I,0.0006635609060321416+2.369332953574498*^-7*I,0.0006635676022541247,-0.002121560889785249-0.01798615365886284*I,0.47570758061266544+0.11469672537228266*I,-0.0021328104298031984+0.017985328951157686*I,-0.0021215608897852353+0.017986153658862806*I,0.4993364410183736
0.4992021035310564,0.00254958128317339+0.01967169519145588*I,0.0025508632402997536+0.019671591783284578*I,0.4708007346657181-0.1252758133515362*I,0.0025495812831733914-0.019671695191455906*I,0.0007978814161510257,0.0007978847771196495-3.34322482380008*^-7*I,-0.002564817661920238-0.019670468824100305*I,0.0025508632402997445-0.019671591783284686*I,0.0007978847771196492+3.343224823799938*^-7*I,0.0007978964689845191,-0.002549581283080205-0.01967169519155055*I,0.4708007346657183+0.12527581335153656*I,-0.002564817661920242+0.01967046882410045*I,-0.0025495812830802073+0.019671695191550466*I,0.49920211858384245
0.4990409188812444,0.003062390506416211+0.021499907689738796*I,0.003062844979230047+0.021499867171599053*I,0.4649192618885903-0.1366859621481174*I,0.0030623905064162105-0.021499907689738744*I,0.0009590548394914507,0.0009590607082820157-4.6990588097676847*^-7*I,-0.0030830533078492818-0.021498081546189953*I,0.0030628449792300598-0.021499867171599126*I,0.0009590607082820156+4.6990588097681654*^-7*I,0.0009590811187949301,-0.003062390506334563-0.021499907689828696*I,0.4649192618885907+0.13668596214811668*I,-0.0030830533078492783+0.021498081546190016*I,-0.003062390506334566+0.021499907689828606*I,0.49904094516050085
0.49884766036320244,0.0036760651135339705+0.023477880264919208*I,0.0036748693748685154+0.023477995776402145*I,0.45787719388614495-0.14894346986745435*I,0.0036760651135339666-0.023477880264919246*I,0.00115229376905216,0.0011523040144938497-6.574335615705074*^-7*I,-0.003704122252560845-0.023475157339663544*I,0.0036748693748685115-0.0234779957764022*I,0.0011523040144938484+6.574335615704923*^-7*I,0.0011523396368361678,-0.0036760651134638478-0.023477880265001815*I,0.4578771938861453+0.1489434698674542*I,-0.003704122252560854+0.02347515733966347*I,-0.003676065113463849+0.023477880265001753*I,0.49884770623093794
0.4986161638072249,0.004409397569459902+0.02561129040970677*I,0.004405216958015222+0.025611735228372887*I,0.4494565953375085-0.16204595723408213*I,0.004409397569459892-0.02561129040970678*I,0.0013837561581549777,0.0013837740389564244-9.147450076188001*^-7*I,-0.004447541108935394-0.02560722497192231*I,0.004405216958015218-0.025611735228372953*I,0.0013837740389564248+9.147450076188298*^-7*I,0.0013838361928095,-0.0044093975694006115-0.025611290409779237*I,0.44945659533750876+0.16204595723408252*I,-0.004447541108935386+0.025607224971922356*I,-0.004409397569400619+0.025611290409779233*I,0.49861624384183567
0.49833917812653983,0.0052841977962249514+0.027903644920467607*I,0.0052749132881113065+0.02790473086219585*I,0.43940372727473315-0.175964507478302*I,0.0052841977962249705-0.027903644920467645*I,0.0016606822693206384,0.0016607134645951719-1.264331532053065*^-6*I,-0.005336112151063892-0.027897567431155307*I,0.005274913288111308-0.027904730862195803*I,0.0016607134645951753+1.264331532052975*^-6*I,0.0016608218734910987,-0.005284197796175035-0.027903644920526865*I,0.4394037272747322+0.17596450747830267*I,-0.0053361121510639075+0.02789756743115529*I,-0.005284197796175044+0.027903644920526847*I,0.49833931773066836
0.4980082179641365,0.006325546715820907+0.03035527935538493*I,0.006307849645916055+0.03035755431231715*I,0.4274255957926713-0.19063341119748123*I,0.006325546715820895-0.0303552793553849*I,0.0019915386267312252,0.0019915930270587574-1.733378747318857*^-6*I,-0.006396275336047096-0.030346183375667087*I,0.006307849645916057-0.030357554312317098*I,0.0019915930270587604+1.7333787473189362*^-6*I,0.001991782035887679,-0.006325546715777648-0.03035527935542811*I,0.42742559579267325+0.19063341119748128*I,-0.006396275336047095+0.030346183375667114*I,-0.006325546715777641+0.030355279355428148*I,0.49800846137325766
0.49761341744392246,0.0075619466792872635+0.032962057376534126*I,0.007530740313157848+0.032966466810389214*I,0.41318744983520295-0.20593694701714968*I,0.007561946679287263-0.032962057376534175*I,0.002386158371042234,0.0023862531873965706-2.3525945181343046*^-6*I,-0.007658392076962827-0.03294842934357882*I,0.007530740313157842-0.032966466810389096*I,0.0023862531873965597+2.352594518134262*^-6*I,0.00238658255609727,-0.007561946679246722-0.032962057376558655*I,0.413187449835203+0.20593694701714935*I,-0.007658392076962819+0.03294842934357886*I,-0.007561946679246717+0.0329620573765588*I,0.49761384162894723
0.4971433974509576,0.0090252852199898+0.035713704846882625*I,0.008972807816475836+0.03572185707022085*I,0.3963120917428979-0.2216925728164053*I,0.00902528521998977-0.035713704846882494*I,0.002855863781637196,0.0028560289335512385-3.1525493431574933*^-6*I,-0.009156888445653764-0.03569326816717259*I,0.008972807816475867-0.03572185707022081*I,0.0028560289335512394+3.152549343157465*^-6*I,0.0028566025490562473,-0.00902528521994662-0.035713704846887157*I,0.39631209174289833+0.2216925728164052*I,-0.009156888445653766+0.03569326816717246*I,-0.009025285219946583+0.035713704846887045*I,0.49714413621835213
0.49658516553451804,0.010750488950416436+0.03859171185648402*I,0.010665039008877232+0.03860631056967212*I,0.3763822837239321-0.23762989872936588*I,0.010750488950416458-0.03859171185648385*I,0.003413548768175301,0.003413836204678901-4.155273455745091*^-6*I,-0.010930148676533835-0.038561042896784595*I,0.010665039008877247-0.03860631056967212*I,0.0034138362046789044+4.155273455744969*^-6*I,0.0034148344654905145,-0.010750488950364222-0.03859171185646852*I,0.37638228372392996+0.2376298987293656*I,-0.010930148676533837+0.03856104289678465*I,-0.010750488950364213+0.03859171185646839*I,0.4965864512318144
0.49592407644904624,0.012774690641765805+0.041566743942285767*I,0.012638790235046006+0.0415922883384741*I,0.35294810492828654-0.25336491482886137*I,0.012774690641765812-0.04156674394228576*I,0.004073688013280703,0.004074187800653778-5.357219191666552*^-6*I,-0.0130199989875594-0.04152069727770365*I,0.012638790235046053-0.041592288338474184*I,0.004074187800653765+5.357219191666359*^-6*I,0.0040759235509587426,-0.012774690641697561-0.04156674394225329*I,0.352948104928286+0.2533649148288624*I,-0.013019998987559421+0.04152069727770371*I,-0.012774690641697567+0.04156674394225336*I,0.49592631198671283
0.49514389272233555,0.015135661804067033+0.04459552976235312*I,0.014923436946501344+0.04463943928028496*I,0.32554186812446506-0.2683692386654894*I,0.015135661804067042-0.044595529762353085*I,0.004852224362853642,0.0048530923758037-6.697028451548852*^-6*I,-0.015470553550811497-0.04452638089629946*I,0.014923436946501322-0.04463943928028473*I,0.004853092375803711+6.6970284515482814*^-6*I,0.004856107277670574,-0.015135661803976436-0.044595529762309905*I,0.3255418681244643+0.2683692386654883*I,-0.015470553550811563+0.04452638089629954*I,-0.015135661803976455+0.04459552976231018*I,0.4951477756371423
0.4942269981720094,0.017869173984871606+0.04761724903146845*I,0.01754266254595871+0.04769165603919196*I,0.29370415916985043-0.2819347633829012*I,0.017869173984871603-0.04761724903146848*I,0.00576626631238868,0.005767771739970454-7.997283762917989*^-6*I,-0.018326106556234727-0.047513421402341*I,0.017542662545958702-0.047691656039191975*I,0.00576777173997045+7.997283762918312*^-6*I,0.005773001827997984,-0.017869173984754832-0.04761724903142366*I,0.2937041591698507+0.28193476338290024*I,-0.018326106556234636+0.04751342140234092*I,-0.017869173984754783+0.047617249031423496*I,0.4942337336876092
0.4931548316159838,0.021004846659358648+0.05054955050297179*I,0.020508869613514717+0.050674132697779914*I,0.2570256964285154-0.2931352240667345*I,0.02100484665935862-0.050549550502971795*I,0.006833502799883145,0.006836109318505909-8.862783579157869*^-6*I,-0.02162764724223248-0.050393735863294466*I,0.020508869613514624-0.050674132697779734*I,0.006836109318505895+8.862783579157418*^-6*I,0.006845168384030887,-0.02100484665921657-0.05054955050293657*I,0.25702569642851447+0.2931352240667347*I,-0.021627647242232463+0.05039373586329466*I,-0.021004846659216623+0.050549550502936524*I,0.4931664972001149
0.4919086197138623,0.024559927753748195+0.05328451203816451*I,0.02381509286620556+0.053490923289758754*I,0.215210920751083-0.3007881400450985*I,0.024559927753748222-0.053284512038164374*I,0.008071213919192901,0.008075717720132497-8.507853174358066*^-6*I,-0.02540745571031127-0.05305091469997515*I,0.023815092866205576-0.0534909232897585*I,0.008075717720132495+8.507853174358691*^-6*I,0.008091380286162131,-0.024559927753588045-0.05328451203814964*I,0.2152109207510832+0.30078814004509746*I,-0.02540745571031124+0.05305091469997525*I,-0.02455992775358812+0.0532845120381496*I,0.49192878608080715
0.4904704898368482,0.028530358853543988+0.05568514908240349*I,0.027423738405816564+0.05602387044450743*I,0.16817026538338567-0.30342370943060226*I,0.028530358853544102-0.05568514908240378*I,0.009494726918111025,0.009502490032806324-5.470645570601463*^-6*I,-0.029681126777243494-0.05533548087786132*I,0.02742373840581646-0.05602387044450725*I,0.00950249003280635+5.4706455706021546*^-6*I,0.00952951016318537,-0.028530358853379796-0.05568514908241554*I,0.168170265383386+0.3034237094306032*I,-0.02968112677724346+0.05533548087786118*I,-0.02853035885337985+0.055685149082415605*I,0.49050527308188724
0.4888250228913426,0.03287845102904069+0.05758352712057197*I,0.03125154724936999+0.05813431213900387*I,0.11614839238626574-0.29927198108089287*I,0.032878451029040696-0.0575835271205717*I,0.011115144635982196,0.01112848654333798+2.847568172979127*^-6*I,-0.034436311636102224-0.05706124913176734*I,0.03125154724937004-0.05813431213900401*I,0.011128486543337993-2.8475681729794096*^-6*I,0.011174977108697068,-0.032878451028889664-0.05758352712060711*I,0.11614839238626638+0.299271981080892*I,-0.034436311636102286+0.05706124913176732*I,-0.032878451028889644+0.05758352712060703*I,0.48888485536401627
0.4869612394939857,0.03751663126849882+0.05878218013165439*I,0.03515052254253907+0.05966970562491216*I,0.05989434145313513-0.2862864537702463*I,0.03751663126849864-0.05878218013165437*I,0.012936173524207423,0.01295902270855227+0.00002090511087723554*I,-0.03961754771164207-0.058004332656706896*I,0.035150522542539-0.059669705624912*I,0.012959022708552231-0.00002090511087723571*I,0.013038760506052774,-0.037516631268373304-0.058782180131698385*I,0.05989434145313465+0.286286453770247*I,-0.039617547711641984+0.058004332656706924*I,-0.03751663126837322+0.0587821801316984*I,0.487063826475791
0.4848748650147146,0.042287170419726544+0.0590614013122564*I,0.038885397228380685+0.06047820450597644*I,0.0008748562761652154-0.2622313732423507*I,0.042287170419726766-0.059061401312256415*I,0.0149499274494738,0.014988893951131862+0.00005611797647795293*I,-0.04510691311867305-0.057907199999386524*I,0.038885397228380664-0.06047820450597654*I,0.014988893951131815-0.000056117976477951596*I,0.015125134985314278,-0.04228717041962488-0.059061401312287355*I,0.0008748562761656321+0.2622313732423492*I,-0.045106913118672695+0.05790719999938657*I,-0.04228717041962492+0.059061401312287286*I,0.4850500725505335
0.48257043833737095,0.046938816366957466+0.05819600856590338*I,0.042109893409494656+0.06043513886094378*I,-0.058478471786830244-0.2248709400293756*I,0.04693881636695748-0.058196008565903505*I,0.017131725096083822,0.01719784296238413+0.00012046353516935728*I,-0.05070112675502682-0.05649124891305545*I,0.04210989340949474-0.06043513886094373*I,0.017197842962384108-0.00012046353516935865*I,0.01742956166264445,-0.046938816366857435-0.05819600856590617*I,-0.058478471786830584+0.22487094002937613*I,-0.05070112675502686+0.0564912489130554*I,-0.04693881636685758+0.058196008565906295*I,0.48286827490394635
0.4800623520678942,0.05110317771874043+0.055986198366712314*I,0.044346988487606244+0.05948588138855558*I,-0.11451786161573871-0.1723093418432683*I,0.05110317771874041-0.055986198366712335*I,0.01943419661567087,0.019545708513708265+0.0002327029120512195*I,-0.05608744949194971-0.05348247934922594*I,0.044346988487606404-0.05948588138855513*I,0.01954570851370841-0.0002327029120512209*I,0.019937647932113015,-0.05110317771860957-0.05598619836669519*I,-0.11451786161573912+0.17230934184326796*I,-0.05608744949194977+0.05348247934922598*I,-0.051103177718609546+0.05598619836669533*I,0.4805658033843837
0.47737318165701403,0.05427695352627353+0.052307596033017545*I,0.044983136027396516+0.05770888771507531*I,-0.16218777345975685-0.10353582538677347*I,0.05427695352627357-0.052307596033017205*I,0.021781549992708656,0.021968265490024747+0.00042123574060211577*I,-0.060823724559198794-0.04865559355786477*I,0.044983136027396516-0.05770888771507549*I,0.02196826549002479-0.00042123574060211864*I,0.022626818343002234,-0.05427695352609841-0.0523075960330165*I,-0.16218777345975605+0.1035358253867735*I,-0.06082372455919885+0.04865559355786476*I,-0.05427695352609855+0.052307596033016227*I,0.47821845000736063
0.47452668169090806,0.055821041080187726+0.047184591935381645*I,0.043293123954797175+0.05539921480387506*I,-0.19500929875061315-0.019218454307985005*I,0.05582104108018767-0.04718459193538201*I,0.024065696755597117,0.024375631256204598+0.0007273375615488465*I,-0.06433245601576752-0.0419013552288001*I,0.04329312395479722-0.05539921480387513*I,0.024375631256204525-0.0007273375615488545*I,0.025473318309121137,-0.055821041080001674-0.04718459193542991*I,-0.19500929875061312+0.019218454307985144*I,-0.06433245601576752+0.04190135522880021*I,-0.05582104108000168+0.047184591935429905*I,0.47593430324445263
0.47153178367077475,0.05499411327912832+0.040886778241542576*I,0.03852032731297596+0.0531640366512621*I,-0.20542597115686675+0.07725456910172503*I,0.05499411327912837-0.0408867782415426*I,0.026147116809960264,0.026656241936614766+0.0012079828389539244*I,-0.06592488454577614-0.033318770802658396*I,0.038520327312975895-0.05316403665126242*I,0.02665624193661472-0.0012079828389539237*I,0.02846821632925392,-0.05499411327899323-0.040886778241620014*I,-0.2054259711568678-0.07725456910172507*I,-0.06592488454577582+0.033318770802658416*I,-0.054994113278993166+0.04088677824162012*I,0.47385288319002766
0.46835340732836095,0.0510452035049206+0.03403815589168369*I,0.030043705481327537+0.0520042296317376*I,-0.18576934930344804+0.1785935811874314*I,0.05104520350492057-0.03403815589168367*I,0.027864687566460666,0.028690525572928702+0.001936489373026699*I,-0.06487742799073082-0.02332533568929074*I,0.03004370548132748-0.052004229631737446*I,0.02869052557292861-0.0019364893730266794*I,0.031646592671640744,-0.051045203504845815-0.03403815589172121*I,-0.1857693493034479-0.1785935811874319*I,-0.06487742799073076+0.02332533568929071*I,-0.051045203504845864+0.034038155891721183*I,0.4721353124334657
0.46486722696584915,0.04339345234069328+0.02770968240198232*I,0.017660974357327996+0.05332693471805757*I,-0.13013909529354326+0.27259415739279635*I,0.04339345234069316-0.027709682401982235*I,0.029059652831923913,0.030378760472130107+0.0029977616785001365*I,-0.06058633996782018-0.012762542025428595*I,0.01766097435732796-0.05332693471805753*I,0.030378760472130027-0.0029977616785001435*I,0.03513277303413871,-0.0433934523405967-0.027709682401966772*I,-0.13013909529354295-0.2725941573927943*I,-0.06058633996782022+0.01276254202542866*I,-0.043393452340596564+0.02770968240196647*I,0.47094034716801564
0.4608011586771821,0.031915466916487105+0.02343587507855092*I,0.001993254336751732+0.058793946397253966*I,-0.03740633575335262+0.34191305478204925*I,0.031915466916487126-0.02343587507855076*I,0.029618213031919204,0.03168562151891859+0.004473140262050099*I,-0.05282039632119089-0.002948374127060416*I,0.0019932543367517795-0.05879394639725377*I,0.031685621518918516-0.0044731402620500895*I,0.03919884132283856,-0.03191546691632965-0.023435875078585817*I,-0.03740633575335233-0.3419130547820481*I,-0.052820396321191024+0.0029483741270603884*I,-0.031915466916329564+0.02343587507858599*I,0.47038178696811045
0.4556798114766828,0.017328081670778955+0.023059481996079222*I,-0.015051099496277101+0.06987246934470233*I,0.0848046617632253+0.36563905049704337*I,0.0173280816707789-0.02305948199607914*I,0.029532685520772952,0.03269691983414753+0.006408522562871515*I,-0.04206528408003728+0.004403945601979905*I,-0.015051099496277082-0.06987246934470255*I,0.03269691983414757-0.0064085225628715105*I,0.04432018852336819,-0.017328081670675566-0.023059481996181165*I,0.08480466176322546-0.3656390504970443*I,-0.04206528408003723-0.004403945601979945*I,-0.017328081670675625+0.023059481996181155*I,0.47046731447931095
0.44881274896850937,0.0015792802338424246+0.028282712453185657*I,-0.029949489449041276+0.08695614504319728*I,0.21610657808826989+0.323930688519166*I,0.0015792802338424415-0.028282712453185564*I,0.028969813349985368,0.03366866300948055+0.008760211933643437*I,-0.02989417746694316+0.007509048189176814*I,-0.029949489449041432-0.08695614504319686*I,0.03366866300948076-0.008760211933643383*I,0.05118725103150171,-0.0015792802337903902-0.028282712453174715*I,0.21610657808827008-0.3239306885191641*I,-0.029894177466943183-0.007509048189176835*I,-0.0015792802337903798+0.028282712453174545*I,0.4710301866500178
0.43940136238606387,-0.01196727494755009+0.039832701762210605*I,-0.03777071563433771+0.10804335875261542*I,0.3216162684281667+0.20668702168789466*I,-0.011967274947550118-0.039832701762210376*I,0.02831411033927674,0.03502295122369236+0.011318894060120453*I,-0.019197317199827667+0.005175161364897464*I,-0.037770715634337634-0.10804335875261567*I,0.03502295122369239-0.011318894060120415*I,0.06059863761394807,0.011967274947753046-0.03983270176217587*I,0.32161626842816565-0.2066870216878947*I,-0.01919731719982766-0.005175161364897453*I,0.011967274947753079+0.03983270176217591*I,0.4716858896606602
0.4268651409184526,-0.01892098416014343+0.05630721018190097*I,-0.03349639932720164+0.12731153924557992*I,0.3564053057874357+0.025568153089818416*I,-0.018920984160143345-0.05630721018190115*I,0.028126016223571842,0.03721517144266966+0.013627831822655067*I,-0.013966694365228708-0.002183561624837866*I,-0.033496399327201755-0.1273115392455801*I,0.037215171442669406-0.013627831822654934*I,0.07313485908158947,0.018920984160282775-0.05630721018206507*I,0.35640530578743695-0.02556815308981854*I,-0.013966694365228701+0.002183561624837866*I,0.018920984160282785+0.05630721018206497*I,0.4718739837764353
0.4114577799576684,-0.015253884249419744+0.07313269097983188*I,-0.014971245328127169+0.1345905943470139*I,0.2806242329729696-0.1751133973317843*I,-0.015253884249419796-0.07313269097983216*I,0.02893366827649195,0.04038801407296234+0.014942987548300294*I,-0.018212797563773406-0.011452945737223727*I,-0.014971245328126964-0.13459059434701412*I,0.040388014072962324-0.014942987548300377*I,0.08854222004227172,0.01525388424942334-0.07313269097981538*I,0.2806242329729694+0.17511339733178444*I,-0.01821279756377349+0.011452945737223745*I,0.015253884249423358+0.0731326909798154*I,0.471066331723571
0.39507065983610146,0.0001659779430450936+0.08261694301584599*I,0.012796765773329548+0.11754201184205416*I,0.08664416856274028-0.31877289556554905*I,0.00016597794304507385-0.08261694301584552*I,0.030804086683435095,0.04380107291221943+0.014334654622012546*I,-0.033651570334525725-0.01642538821875086*I,0.012796765773329756-0.11754201184205387*I,0.04380107291221921-0.014334654622012551*I,0.10492934016388003,-0.00016597794281151618-0.08261694301584774*I,0.08664416856274067+0.3187728955655472*I,-0.03365157033452574+0.016425388218750815*I,-0.00016597794281141717+0.08261694301584768*I,0.4691959133165766
0.38172648475382776,0.02270959826920492+0.07646220050806196*I,0.03426058725480803+0.06846885226049707*I,-0.17075518480933088-0.3222056610321294*I,0.022709598269205062-0.07646220050806193*I,0.0327915982438313,0.04527538832670663+0.011082740537009823*I,-0.056428194211943956-0.0095629149430257*I,0.03426058725480802-0.06846885226049708*I,0.0452753883267067-0.011082740537009807*I,0.11827351524616249,-0.022709598269176585-0.07646220050813579*I,-0.1707551848093308+0.32220566103212855*I,-0.056428194211943984+0.009562914943025743*I,-0.022709598269176682+0.0764622005081359*I,0.4672084017561305
0.3767477950420989,0.04122968974999354+0.05141456611001498*I,0.025993263541833005-0.00462971882850079*I,-0.36746123592534496-0.15318794960874935*I,0.041229689749993546-0.05141456611001476*I,0.03271259132891748,0.0413631030425366+0.0054607786056084335*I,-0.07492125883339716+0.0125382580512025*I,0.02599326354183292+0.004629718828500729*I,0.04136310304253659-0.005460778605608608*I,0.12325220495791037,-0.041229689749834715-0.05141456611000323*I,-0.36746123592534474+0.15318794960874924*I,-0.0749212588333971-0.012538258051202546*I,-0.04122968974983484+0.05141456611000342*I,0.46728740867110374
0.38353483815495504,0.0429586298544822+0.015790385753727355*I,-0.028703280889733226-0.06960108097883776*I,-0.36398392000573376+0.10363116645791678*I,0.042958629854482275-0.015790385753727352*I,0.028116127704631264,0.029338326680156374-0.0004289435606807562*I,-0.0733860083545499+0.04091953252190523*I,-0.02870328088973345+0.06960108097883774*I,0.029338326680156335+0.00042894356068086923*I,0.11646516184509592,-0.04295862985438647-0.01579038575374025*I,-0.3639839200057336-0.10363116645791648*I,-0.07338600835454993-0.04091953252190536*I,-0.042958629854386386+0.015790385753740182*I,0.4718838722953477
0.3985169096566584,0.0251440732134734-0.010181628491241306*I,-0.11477293575673493-0.07946005347100539*I,-0.13033679877040283+0.24493175710624823*I,0.02514407321347342+0.010181628491241336*I,0.019064166468576144,0.011296713293324875-0.0030745317118360074*I,-0.04600463436723111+0.05123739231722349*I,-0.11477293575673435+0.0794600534710058*I,0.011296713293324856+0.003074531711836077*I,0.10148309034338354,-0.025144073213368673+0.010181628491168734*I,-0.1303367987704033-0.24493175710624782*I,-0.046004634367231144-0.051237392317223476*I,-0.02514407321336862-0.010181628491168913*I,0.48093583353137354
0.4088758059106168,0.00558786444096221-0.008572657779383356*I,-0.1714481209025288-0.012441214562378993*I,0.1443050626242678+0.09519695806391619*I,0.005587864440962167+0.008572657779383331*I,0.011090458819075418,-0.002813373485461271-0.0010151877235104114*I,-0.01416873357587404+0.020362324179136054*I,-0.17144812090252942+0.01244121456237902*I,-0.0028133734854612243+0.001015187723510422*I,0.09112419408938684,-0.005587864440826606+0.008572657779329916*I,0.1443050626242682-0.09519695806391588*I,-0.01416873357587402-0.020362324179136027*I,-0.005587864440826596-0.008572657779329789*I,0.488909541180975
0.40090108001259417,0.0140555840619394+0.011766168470294337*I,-0.12851221666007942+0.07715159128919032*I,0.14992121294345753-0.2445830795488896*I,0.0140555840619394-0.011766168470294342*I,0.013089626305960618,-0.0005763422887869251+7.89918567116734*^-6*I,-0.01745788498579474-0.03784920766348723*I,-0.12851221666007984-0.07715159128919036*I,-0.000576342288786922-7.89918567116918*^-6*I,0.09909891998737459,-0.014055584061814924-0.011766168470237122*I,0.1499212129434582+0.24458307954888936*I,-0.0174578849857948+0.03784920766348723*I,-0.014055584061814709+0.011766168470237322*I,0.4869103736939484
0.3795374343589076,0.05630938992037847+0.011644249820437543*I,0.0008846692676999068+0.07348290687234971*I,-0.15794280958352325-0.36286137454288453*I,0.056309389920378435-0.011644249820437472*I,0.027039602263476296,0.01705747759895409-0.010736008124829452*I,-0.05863553809709551-0.06579527331984113*I,0.0008846692676996141-0.07348290687234983*I,0.017057477598954145+0.010736008124829461*I,0.12046256564107176,-0.0563093899204229-0.01164424982038397*I,-0.15794280958352366+0.3628613745428828*I,-0.05863553809709549+0.06579527331984103*I,-0.056309389920423274+0.011644249820384025*I,0.4729603977365044
0.37612653476365177,0.08964578337252649-0.028573129043033326*I,0.07809694182700345-0.05941826509377404*I,-0.3116901142889061-0.043950571526959144*I,0.08964578337252622+0.028573129043033364*I,0.04161136493806027,0.02898530199922773-0.031720195630999086*I,-0.0732871539838681-0.03690843268978955*I,0.07809694182700364+0.05941826509377417*I,0.028985301999227744+0.031720195630999176*I,0.12387346523637065,-0.08964578337251798+0.028573129042954733*I,-0.3116901142889064+0.043950571526959706*I,-0.07328715398386806+0.03690843268978936*I,-0.08964578337251775-0.02857312904295465*I,0.45838863506186817
0.4117654435195162,0.07785611764849777-0.05602407348755657*I,0.004818911040130268-0.15396829833647724*I,0.05242173349207118+0.19219010304082343*I,0.07785611764849802+0.056024073487556766*I,0.048295636565043105,0.022000367840648738-0.03857218947534769*I,-0.02856858291848526-0.01792255063142471*I,0.004818911040130278+0.1539682983364776*I,0.022000367840648755+0.038572189475347615*I,0.08823455648052353,-0.07785611764845424+0.05602407348747501*I,0.05242173349207124-0.19219010304082332*I,-0.028568582918485245+0.01792255063142458*I,-0.07785611764845426-0.05602407348747492*I,0.4517043634349955
0.449535902168706,0.07383256623616295-0.021786401506003538*I,-0.059197746314280195-0.053944334057434415*I,0.29610601599574476-0.14530165169724196*I,0.07383256623616348+0.0217864015060035*I,0.058576799730158384,0.021112006961499234-0.01720274526491624*I,-0.016982898749058832-0.0470965887992055*I,-0.05919774631428025+0.053944334057434325*I,0.021112006961499247+0.017202745264916122*I,0.050464097831325536,-0.07383256623607887+0.021786401506033302*I,0.2961060159957446+0.14530165169724255*I,-0.016982898749058836+0.047096588799205655*I,-0.07383256623607924-0.02178640150603322*I,0.44142320026968934
0.4468522292132736,0.1206584002783693-0.007894335983001547*I,0.045020452432473615+0.03670928442340324*I,-0.1252354021936376-0.22073585056569778*I,0.12065840027837009+0.007894335983001561*I,0.07243510489394969,0.03946573157714121+0.0013394880907243757*I,-0.07877215554527184-0.010322188642515275*I,0.045020452432473476-0.03670928442340325*I,0.03946573157714141-0.0013394880907243863*I,0.05314777078667943,-0.12065840027816437+0.007894335982983908*I,-0.1252354021936375+0.22073585056569736*I,-0.07877215554527178+0.010322188642515343*I,-0.12065840027816463-0.007894335982983926*I,0.42756489510618073
0.44703123868442135,0.10729248493230452-0.050820562609441185*I,0.06029263597932612-0.044532029119975114*I,-0.06446805503464251+0.33463911356699705*I,0.10729248493230495+0.050820562609441185*I,0.05604193849283348,0.026188373830304205+0.0009714960280955991*I,-0.05405147588713339+0.08129774066883158*I,0.06029263597932621+0.044532029119975405*I,0.026188373830304378-0.0009714960280956167*I,0.052968761315667294,-0.10729248493215784+0.050820562609299576*I,-0.06446805503464263-0.3346391135669986*I,-0.054051475887133264-0.08129774066883168*I,-0.10729248493215789-0.05082056260929945*I,0.4439580615072813
0.4598156440756341,0.04339656075332915-0.010886748341917083*I,-0.06570331153158954+0.02682656521334359*I,0.3203446797947474+0.092281757797848*I,0.04339656075332911+0.010886748341917156*I,0.028802040021795233,-0.0034750196833757286+0.014398182959946897*I,-0.0166456018416729+0.024699445993349493*I,-0.06570331153158972-0.02682656521334363*I,-0.003475019683375746-0.014398182959946902*I,0.04018435592437459,-0.04339656075331121+0.010886748341890544*I,0.3203446797947465-0.09228175779784716*I,-0.01664560184167288-0.024699445993349417*I,-0.0433965607533115-0.010886748341890505*I,0.4711979599782023
0.4162144300528499,0.04488833431771431+0.008292877351307838*I,-0.01151378435388673+0.11356593897387222*I,-0.1671347022195416+0.0711932792699298*I,0.044888334317714315-0.008292877351307766*I,0.027894231703099338,0.012310763961532474+0.01170678742530026*I,-0.08244614777169629+0.006400835439238687*I,-0.011513784353886891-0.11356593897387249*I,0.012310763961532533-0.011706787425300251*I,0.08378556994715483,-0.044888334317595216-0.008292877351342456*I,-0.1671347022195411-0.07119327926992987*I,-0.08244614777169594-0.006400835439238634*I,-0.04488833431759504+0.00829287735134242*I,0.472105768296799
0.38691044909646877,-0.025661433813864768-0.012193901263476466*I,-0.08172573204941803+0.008803362264524555*I,0.16954504317684066+0.2662677940377258*I,-0.025661433813864758+0.012193901263476473*I,0.01973966878825799,0.0170584595787445-0.01665294101636344*I,-0.02197437781712424-0.0034796020542917617*I,-0.08172573204941805-0.008803362264524394*I,0.0170584595787446+0.016652941016363467*I,0.11308955090355527,0.025661433814076724+0.012193901263384916*I,0.16954504317684185-0.26626779403772605*I,-0.021974377817124167+0.003479602054291756*I,0.0256614338140766-0.012193901263384894*I,0.4802603312115876
0.3799415282763965,-0.005500916538516421+0.005765250203794476*I,-0.1207439937615187+0.010800714837742451*I,-0.19470986388010122-0.1858380147491745*I,-0.005500916538516483-0.005765250203794523*I,0.04229772088812563,0.038930968406225355-0.016496695041310263*I,-0.0751332792851115-0.0350898624123292*I,-0.12074399376151805-0.010800714837742469*I,0.03893096840622517+0.016496695041310256*I,0.12005847172358644,0.005500916538685329-0.0057652502037746625*I,-0.19470986388010128+0.18583801474917552*I,-0.0751332792851116+0.035089862412329226*I,0.005500916538685226+0.005765250203774652*I,0.4577022791119033
0.39805463636319693,-0.01960739492640798-0.054728109526549336*I,-0.12609386594225772-0.048007393836602213*I,0.1486211992202014+0.10450597925385822*I,-0.019607394926407944+0.054728109526549495*I,0.02877584446428138,0.03421597052626288-0.014658593168339581*I,-0.0003878518580002983+0.03746089133565626*I,-0.12609386594225724+0.048007393836602096*I,0.03421597052626307+0.014658593168339553*I,0.1019453636368463,0.019607394926515698+0.05472810952652691*I,0.14862119922020117-0.10450597925385816*I,-0.0003878518580003033-0.03746089133565638*I,0.019607394926515514-0.054728109526526854*I,0.47122415553575037
0.42403694304222495,0.047928668434301464-0.028976583190722716*I,-0.012701444867554156-0.06538600735480707*I,-0.11964518024848605-0.1629565606479921*I,0.04792866843430139+0.02897658319072314*I,0.030505475812916995,0.02187196201224099-0.01427119505936195*I,-0.05291795354023561+0.0012237182187540487*I,-0.012701444867553922+0.06538600735480683*I,0.021871962012241085+0.01427119505936197*I,0.07596305695775037,-0.04792866843423207+0.028976583190693243*I,-0.11964518024848596+0.16295656064799224*I,-0.05291795354023567-0.0012237182187540257*I,-0.04792866843423204-0.028976583190693083*I,0.46949452418692794
0.4681127761937137,0.049851708740620754+0.014584632137033392*I,-0.04057381334974723+0.013712846030430489*I,0.28475970134690665-0.16138247271571796*I,0.04985170874062071-0.014584632137033409*I,0.02429438245214785,0.0010894536795150267-0.0002557845805664464*I,0.002577143233293851-0.039211226863812544*I,-0.04057381334974731-0.01371284603043054*I,0.0010894536795150271+0.0002557845805664553*I,0.03188722380627903,-0.04985170874049507-0.014584632137000023*I,0.28475970134690565+0.16138247271571834*I,0.0025771432332938266+0.03921122686381264*I,-0.049851708740494986+0.014584632137000026*I,0.4757056175479211
0.44202963968409537,0.05919990941475863+0.018780215583841457*I,-0.03562435864850752+0.026548277509086653*I,0.07815738818843337+0.23600327245198094*I,0.059199909414758695-0.018780215583841582*I,0.03700405224937884,0.012398723259141705+0.009873850697114987*I,-0.020241937591243882+0.031457936665090155*I,-0.03562435864850756-0.02654827750908659*I,0.01239872325914167-0.009873850697115057*I,0.05797036031583184,-0.059199909414624795-0.018780215583858596*I,0.0781573881884331-0.23600327245198102*I,-0.020241937591243892-0.031457936665089996*I,-0.05919990941462477+0.018780215583858544*I,0.4629959477505488
0.37784771315189797,0.0353224204357978+0.01691651107864961*I,-0.04955110666993812+0.0393334849371152*I,-0.22597597311728593+0.11400352422551345*I,0.03532242043579772-0.016916511078649624*I,0.03531119452086327,0.019178358665469193+0.007739359614553173*I,-0.06614162958522035+0.021710801706999443*I,-0.04955110666993819-0.03933348493711543*I,0.019178358665469263-0.007739359614553193*I,0.12215228684805862,-0.03532242043570342-0.016916511078653544*I,-0.22597597311728565-0.11400352422551376*I,-0.06614162958522016-0.021710801706999457*I,-0.035322420435703474+0.016916511078653593*I,0.4646888054792555
0.3672953690394777,0.030087464556572432-0.012769742686888807*I,-0.06831853624462453-0.015105817414812787*I,-0.19873107875236354-0.14180555979355422*I,0.030087464556572418+0.01276974268688876*I,0.037894437215500267,0.01984762045441138-0.01504548253719841*I,-0.06099560267580885-0.03296552258376313*I,-0.06831853624462486+0.015105817414812891*I,0.01984762045441142+0.015045482537198441*I,0.1327046309605795,-0.030087464556534323+0.012769742686733157*I,-0.19873107875236393+0.14180555979355391*I,-0.06099560267580876+0.03296552258376327*I,-0.030087464556534278-0.012769742686733147*I,0.462105562784464
0.4315072812875632,0.07176886249451132-0.03162072290347649*I,-0.005716380643833171-0.038283794443373244*I,-0.01534969198548712-0.1637854544172844*I,0.07176886249451137+0.03162072290347639*I,0.05485433435688444,0.028718488800968958-0.011130489811187904*I,-0.04882253953968919-0.01743217513489699*I,-0.005716380643833+0.038283794443373424*I,0.0287184888009689+0.011130489811187916*I,0.06849271871247747,-0.07176886249437753+0.03162072290344116*I,-0.015349691985487437+0.1637854544172849*I,-0.04882253953968901+0.017432175134897004*I,-0.0717688624943774-0.0316207229034412*I,0.44514566564298136
0.44713632666100006,0.055635590674950906+0.012194699363283632*I,0.0027815554903344065+0.05874206825350502*I,0.013645897301556555-0.012987088293987401*I,0.05563559067495087-0.012194699363283575*I,0.036636028341997834,0.006127983679681399+0.012831357735229665*I,-0.055850872068801835+0.0025237695014282946*I,0.002781555490334373-0.05874206825350499*I,0.0061279836796813624-0.012831357735229705*I,0.052863673339003575,-0.05563559067483743-0.012194699363337702*I,0.013645897301556383+0.012987088293987304*I,-0.05585087206880182-0.0025237695014281654*I,-0.055635590674837525+0.012194699363337691*I,0.4633639716580398
0.3755201579524526,0.00274916274223414+0.010141811193168688*I,-0.09261658506728579+0.03905565812728741*I,-0.1732193062148813+0.01867262248434276*I,0.0027491627422341013-0.010141811193168686*I,0.036684798809589844,0.02882275826440242-0.0070869629962251*I,-0.06615865949833162-0.0020979393791134334*I,-0.09261658506728607-0.039055658127287465*I,0.028822758264402375+0.007086962996225059*I,0.1244798420475294,-0.002749162742176503-0.010141811193151253*I,-0.17321930621488088-0.018672622484342812*I,-0.06615865949833197+0.0020979393791134256*I,-0.0027491627421763593+0.010141811193151237*I,0.4633152011903689
0.4183694805335421,0.037074511619291914-0.04069552582278234*I,-0.056167776529241334-0.07487390587367931*I,0.019056034271566435+0.008835028391226725*I,0.03707451161929191+0.04069552582278241*I,0.0285071961539884,0.013132954613471706-0.019118112425805266*I,-0.03675563476508019+0.02528783188795896*I,-0.05616777652924118+0.0748739058736788*I,0.013132954613471708+0.019118112425805262*I,0.08163051946643687,-0.037074511619237846+0.040695525822810844*I,0.019056034271566498-0.008835028391226431*I,-0.036755634765080085-0.025287831887958953*I,-0.03707451161923799-0.040695525822810955*I,0.47149280384589803
0.4318322168446234,0.06223026121491247+0.027622984017329617*I,-0.03826416003024105+0.04949097892602613*I,0.15357910278565634+0.014187404477196972*I,0.06223026121491247-0.027622984017329478*I,0.032501236965386586,0.008365820499094543+0.014826589841823088*I,-0.014953520262134578-0.000015502979981931895*I,-0.03826416003024102-0.04949097892602602*I,0.008365820499094529-0.014826589841823038*I,0.06816778315544297,-0.062230261214648995-0.02762298401737714*I,0.15357910278565548-0.014187404477196946*I,-0.01495352026213461+0.000015502979981929154*I,-0.0622302612146488+0.027622984017377113*I,0.46749876303456733
0.3742990866567863,0.016220975925361085-0.014254864929681343*I,-0.06315055738047222-0.023710442279567496*I,-0.17430866954106303+0.04948456429955974*I,0.0162209759253611+0.01425486492968144*I,0.03714418208593178,0.02447988602463069-0.010978057154017009*I,-0.062864964973845-0.013779779127438595*I,-0.06315055738047182+0.02371044227956741*I,0.024479886024630703+0.010978057154017007*I,0.1257009133431838,-0.01622097592510969+0.01425486492972605*I,-0.1743086695410623-0.04948456429955969*I,-0.06286496497384486+0.013779779127438531*I,-0.01622097592510962-0.014254864929726042*I,0.4628558179139903
0.4558054554582006,0.05340549896903023-0.01625690482425838*I,-0.014178880836910684-0.000264623990058788*I,0.16087349840408496-0.12291841858227759*I,0.05340549896903031+0.01625690482425842*I,0.032333537333476124,0.006086295584491616-0.0011381256162867736*I,-0.02081487855600738+0.001233679811640414*I,-0.014178880836910698+0.0002646239900587447*I,0.006086295584491601+0.0011381256162867888*I,0.04419454454180012,-0.05340549896895317+0.01625690482412622*I,0.16087349840408507+0.12291841858227782*I,-0.0208148785560074-0.0012336798116404674*I,-0.0534054989689533-0.016256904824126287*I,0.46766646266653594
0.3975270824371468,-0.005826955023179224+0.013427307940011731*I,-0.08992219853165473+0.0431558387348558*I,0.10029014692936727+0.07059879482899582*I,-0.005826955023179241-0.013427307940011722*I,0.028635814983920666,0.01739719219623604+0.003468020657669741*I,-0.012433850511715428+0.02037655590700324*I,-0.08992219853165503-0.04315583873485581*I,0.017397192196235995-0.003468020657669733*I,0.10247291756286309,0.005826955023242118-0.013427307939967992*I,0.10029014692936727-0.07059879482899578*I,-0.012433850511715415-0.02037655590700316*I,0.005826955023242111+0.013427307939967976*I,0.4713641850161106
0.4554323238034583,0.07427833893255553-0.028669645661529276*I,-0.016300917166361985-0.03433778951973048*I,0.1420276795472585+0.1131887098254447*I,0.07427833893255578+0.028669645661529238*I,0.04357248851127008,0.017829113717812668-0.007176317318067607*I,-0.024913438231250137+0.009932595258874806*I,-0.016300917166361954+0.034337789519730356*I,0.01782911371781269+0.007176317318067622*I,0.044567676196523485,-0.07427833893252785+0.028669645661495623*I,0.14202767954725964-0.11318870982544471*I,-0.024913438231250053-0.009932595258874815*I,-0.07427833893252775-0.028669645661495546*I,0.45642751148867616
0.3931008748525105,-0.012786310071484097-0.025191637109765328*I,-0.05773194675289653-0.06442059355342292*I,0.10695877331228766+0.022052764062300168*I,-0.01278631007148409+0.025191637109765377*I,0.04070177060387008,0.03199618156501659-0.021982746101952076*I,-0.010759146592474178-0.01681960450727432*I,-0.05773194675289638+0.06442059355342267*I,0.0319961815650167+0.0219827461019519*I,0.1068991251474592,0.012786310071609304+0.0251916371097888*I,0.1069587733122875-0.02205276406230018*I,-0.010759146592474164+0.01681960450727427*I,0.012786310071609368-0.025191637109788854*I,0.45929822939610593
0.4239914635751696,0.051142348817741094+0.041272285519259475*I,-0.0036878782115126046+0.03492507405775358*I,-0.0033880598977524346-0.08611572903423492*I,0.051142348817741-0.04127228551925963*I,0.038855916975277176,0.02096257639050026+0.006269391808505769*I,-0.04039756789867356-0.02141623054608047*I,-0.0036878782115127317-0.03492507405775391*I,0.02096257639050027-0.00626939180850577*I,0.07600853642484172,-0.051142348817743925-0.041272285519294793*I,-0.0033880598977523804+0.08611572903423512*I,-0.04039756789867346+0.02141623054608051*I,-0.05114234881774377+0.041272285519294793*I,0.461144083024682
0.4437863951833876,0.060963320555793066-0.04125015241804817*I,-0.011599214349481878-0.05150382055433082*I,0.10059239992627972+0.034000132215200395*I,0.060963320555793316+0.04125015241804818*I,0.04640017423228444,0.021548172027885493-0.011518315098455911*I,-0.01351026704415402+0.028925989769739164*I,-0.01159921434948179+0.05150382055433101*I,0.021548172027885424+0.011518315098455944*I,0.056213604816681466,-0.060963320555593906+0.04125015241803132*I,0.10059239992628008-0.03400013221520021*I,-0.013510267044154124-0.02892598976973927*I,-0.0609633205555938-0.04125015241803152*I,0.4535998257676986
0.4200025162854625,0.005767712533717944-0.02859593316719817*I,-0.08933586398889438-0.04180541414760853*I,0.020639555522103788+0.046821413445758145*I,0.005767712533717923+0.02859593316719798*I,0.03958945864421751,0.014646139613102408-0.010440949694047347*I,-0.01951518272989605+0.01713716394977017*I,-0.08933586398889451+0.04180541414760824*I,0.014646139613102415+0.010440949694047363*I,0.07999748371454021,-0.005767712533670993+0.02859593316713482*I,0.020639555522103857-0.04682141344575804*I,-0.0195151827298961-0.017137163949770017*I,-0.0057677125336710496-0.02859593316713496*I,0.46041054135580844
0.3885108423650554,0.013401854817675326-0.004349526682677632*I,-0.07530932323296168-0.051657862436029385*I,0.04008908266133645+0.07107912712063613*I,0.013401854817675349+0.0043495266826776655*I,0.03132000836150419,0.006714121681650915-0.01754076114526268*I,-0.02097033636081932-0.011512561100304875*I,-0.07530932323296209+0.05165786243602943*I,0.006714121681650892+0.01754076114526258*I,0.11148915763489398,-0.013401854817587988+0.004349526682746032*I,0.04008908266133646-0.07107912712063623*I,-0.020970336360819304+0.011512561100304897*I,-0.013401854817587674-0.004349526682746121*I,0.4686799916383596
0.3975577329817354,0.021095910122316982+0.010680524520894864*I,-0.06341618790487202+0.016209611691911253*I,-0.03015318894917977-0.07969506945510041*I,0.021095910122316968-0.01068052452089486*I,0.03598755616398115,0.023469853910620612+0.0012377754578313342*I,-0.042785936060413386-0.018724696426465116*I,-0.06341618790487176-0.016209611691911242*I,0.023469853910620665-0.0012377754578313355*I,0.10244226701827237,-0.02109591012226342-0.010680524520965072*I,-0.030153188949179822+0.07969506945510033*I,-0.042785936060413206+0.018724696426465005*I,-0.021095910122263518+0.010680524520965077*I,0.464012443835951
0.4052945064479824,0.021173995320566994-0.0021449111428463665*I,-0.10559644041208982-0.01348764002960117*I,0.07863804498327238-0.03351733572504176*I,0.021173995320566925+0.0021449111428463305*I,0.028470533390976667,0.00575805342402262-0.011512307238440536*I,-0.022546008360600212-0.031084580771616504*I,-0.10559644041208982+0.013487640029601202*I,0.00575805342402264+0.0115123072384405*I,0.09470549355200979,-0.021173995320570176+0.00214491114284504*I,0.07863804498327234+0.03351733572504179*I,-0.02254600836060015+0.031084580771616493*I,-0.02117399532057021-0.0021449111428450875*I,0.47152946660902745
0.4067925174761613,0.029297803336569846-0.0020259813047915384*I,-0.06958027261315615+0.02314938588254199*I,0.04530167234528377-0.09912377220576098*I,0.02929780333656984+0.0020259813047914933*I,0.025856242336230656,-0.00210361866211788+0.0008235938750426798*I,-0.01025618938171382-0.03192004990034537*I,-0.0695802726131557-0.023149385882541954*I,-0.00210361866211788-0.0008235938750426649*I,0.093207482523845,-0.029297803336356027+0.002025981304707697*I,0.04530167234528364+0.09912377220576105*I,-0.010256189381713778+0.03192004990034548*I,-0.029297803336356038-0.0020259813047076797*I,0.4741437576637373
0.4371324216102701,0.04820494208665446-0.01954564341689525*I,-0.02523290711134837-0.06163741720793283*I,-0.0032803612530366536+0.02554939981342978*I,0.048204942086654476+0.019545643416895266*I,0.037959676840755754,0.009963981989609695-0.007963204169202527*I,-0.02285466896637401-0.006313586442693181*I,-0.025232907111348367+0.061637417207932865*I,0.009963981989609629+0.00796320416920254*I,0.06286757838972815,-0.04820494208644025+0.019545643416759285*I,-0.003280361253036855-0.025549399813429793*I,-0.022854668966374083+0.006313586442693264*I,-0.0482049420864404-0.019545643416759215*I,0.46204032315926613
0.4448124871800785,0.05282351300278869-0.007246137366282479*I,0.0253169141306633+0.034625929420395725*I,-0.023110234664712875+0.08910776631465724*I,0.05282351300278867+0.007246137366282468*I,0.03785105065539583,0.015062936675307649+0.0016898069426672304*I,-0.03697688642470678+0.02154634761664821*I,0.025316914130663327-0.03462592942039573*I,0.015062936675307661-0.0016898069426672252*I,0.055187512819952704,-0.05282351300259568+0.007246137366276006*I,-0.02311023466471289-0.08910776631465761*I,-0.03697688642470676-0.021546347616648188*I,-0.052823513002595614-0.007246137366276014*I,0.4621489493445604
0.3903353190405786,0.038377694137761986-0.017707617059193912*I,-0.09331082238083699-0.036914097143538396*I,0.018200204947052465+0.05291861984757699*I,0.0383776941377619+0.017707617059193735*I,0.032828697359001235,0.011402334463359936-0.010630154114735318*I,-0.020028161988064383-0.005342329469742414*I,-0.09331082238083678+0.03691409714353843*I,0.011402334463359936+0.01063015411473537*I,0.10966468095932469,-0.038377694137701195+0.017707617059178764*I,0.01820020494705224-0.05291861984757701*I,-0.020028161988064393+0.0053423294697423065*I,-0.03837769413770096-0.01770761705917881*I,0.4671713026410502
0.42266921493985044,0.06013052380722319+0.007716111218183735*I,-0.011636462156090833+0.004851484978861913*I,-0.074824163403635+0.050124277782977254*I,0.06013052380722322-0.0077161112181837015*I,0.037152510098820195,0.007967853217446424+0.004804328079851222*I,-0.038856872776999715+0.015768651649076617*I,-0.011636462156090849-0.004851484978861925*I,0.007967853217446396-0.004804328079851213*I,0.07733078506017027,-0.06013052380709978-0.007716111218252213*I,-0.0748241634036352-0.050124277782977004*I,-0.0388568727769996-0.015768651649076686*I,-0.0601305238070999+0.0077161112182522135*I,0.4628474899011642
0.4324873824278229,0.06686837926228402-0.003561017675219977*I,-0.002211704066464709-0.01605445275212469*I,0.009948751825683286+0.02905096183558895*I,0.0668683792622845+0.003561017675219982*I,0.0426220981277704,0.015847997600863382+0.002653466826130822*I,-0.018693640203082323-0.005569306583545364*I,-0.002211704066464738+0.016054452752124644*I,0.01584799760086341-0.0026534668261308215*I,0.06751261757218255,-0.06686837926213314+0.0035610176751820284*I,0.009948751825683234-0.029050961835588966*I,-0.018693640203082302+0.00556930658354534*I,-0.06686837926213283-0.0035610176751820007*I,0.4573779018723026
0.41945650956157204,0.07120719719880705-0.0059109713995347335*I,0.010449922280685389+0.0014323609176046916*I,-0.05515519749367722-0.04320094186129431*I,0.0712071971988061+0.005910971399534613*I,0.04412387242482066,0.01634291286128401+0.0014835544127121231*I,-0.047445474080281665-0.01667216050741629*I,0.010449922280685474-0.0014323609176046636*I,0.016342912861284038-0.0014835544127121234*I,0.08054349043845847,-0.07120719719863736+0.005910971399590163*I,-0.055155197493677206+0.04320094186129436*I,-0.047445474080281574+0.016672160507416274*I,-0.07120719719863722-0.005910971399590216*I,0.45587612757506235
0.42756084550402995,0.04491608929861072-0.0325491324795995*I,-0.03684508712371866+0.0004621230687699431*I,0.07065098597691856+0.05145294445573588*I,0.04491608929861051+0.0325491324795993*I,0.044120823149615296,0.013558796395406674-0.007845547992933284*I,-0.034069944439360435+0.0142142433893185*I,-0.03684508712371847-0.00046212306876997295*I,0.01355879639540666+0.007845547992933228*I,0.07243915449599515,-0.04491608929850303+0.032549132479713846*I,0.07065098597691859-0.05145294445573603*I,-0.034069944439360685-0.0142142433893185*I,-0.04491608929850297-0.03254913247971381*I,0.45587917685043794
0.4388846253659744,0.007886110696514313+0.003534242351775884*I,-0.058908698212783266+0.008748652889608131*I,0.019167609065572192-0.023059028935430954*I,0.007886110696514336-0.0035342423517758866*I,0.035235260463925694,0.01660919602399289+0.000301572298398626*I,-0.03531729326075041-0.011869930343527263*I,-0.058908698212783-0.008748652889608055*I,0.016609196023992863-0.00030157229839862965*I,0.06111537463398967,-0.007886110696481421-0.0035342423518183556*I,0.019167609065572213+0.023059028935430926*I,-0.035317293260750504+0.011869930343527332*I,-0.007886110696481445+0.0035342423518183487*I,0.46476473953611763
0.421391766753379,0.05328974050097603-0.02100473119285264*I,-0.029335996984907013+0.0076296516382197655*I,0.046890810572747+0.06678290256568396*I,0.05328974050097613+0.021004731192852556*I,0.05253856088157001,0.019328777065982326-0.00008287814338651207*I,-0.03600518491808611+0.014251127344289845*I,-0.02933599698490704-0.007629651638219807*I,0.019328777065982287+0.0000828781433865057*I,0.07860823324662496,-0.05328974050092971+0.02100473119278058*I,0.04689081057274707-0.06678290256568405*I,-0.03600518491808604-0.014251127344289865*I,-0.0532897405009296-0.021004731192780523*I,0.447461439118385
0.4302592417741503,0.04525087642034149+0.00008137072321717155*I,0.0052807594901252124-0.011168068025624036*I,-0.0027801821119635074-0.048760588682089205*I,0.0452508764203415-0.00008137072321716532*I,0.03705833023013544,0.011859282552102852-0.004376810876766494*I,-0.019254171827046918-0.015468755279062808*I,0.005280759490125218+0.011168068025624037*I,0.011859282552102871+0.004376810876766438*I,0.06974075822583971,-0.04525087642033337-0.00008137072323724299*I,-0.002780182111963556+0.04876058868208926*I,-0.01925417182704685+0.015468755279062843*I,-0.04525087642033342+0.00008137072323724967*I,0.4629416697698183
0.4311133716020958,0.029139651376184742-0.005974499771660756*I,-0.013632087777006006-0.006050467110769508*I,0.023581413040075657-0.004397034763750798*I,0.029139651376184694+0.0059744997716607556*I,0.0358236616245478,0.014789608122189775-0.000615332908717084*I,-0.011840606018315129+0.007939871044114942*I,-0.013632087777006098+0.0060504671107695146*I,0.014789608122189806+0.0006153329087170807*I,0.06888662839793294,-0.029139651376213223+0.005974499771631082*I,0.023581413040075674+0.004397034763750817*I,-0.011840606018315094-0.007939871044114945*I,-0.029139651376213205-0.005974499771631071*I,0.464176338375403
0.4135853404019217,0.0315870094754092+0.0027972155870431797*I,-0.07072008540661438+0.011451328941609332*I,-0.002843257567385112-0.022454404098654412*I,0.03158700947540924-0.002797215587043166*I,0.05795772272495579,0.019997266438422097+0.004306264868142614*I,-0.013683740249292257-0.020297833641849027*I,-0.0707200854066149-0.011451328941609246*I,0.019997266438422145-0.0043062648681426105*I,0.08641465959808484,-0.03158700947521356-0.002797215587121222*I,-0.0028432575673850674+0.02245440409865443*I,-0.013683740249292234+0.020297833641849082*I,-0.03158700947521364+0.002797215587121219*I,0.44204227727500384
0.432938165040394,0.042029224399926055-0.005174885427489166*I,-0.01727485010104605-0.041135729198369934*I,0.026339584120569453+0.06042614315993971*I,0.04202922439992591+0.005174885427489138*I,0.04980709346846122,0.023041052834106318-0.006146281937246598*I,-0.03772376229852526-0.00859241917013121*I,-0.017274850101046502+0.04113572919837003*I,0.023041052834106318+0.0061462819372466206*I,0.0670618349595829,-0.042029224399811514+0.0051748854273986926*I,0.026339584120569443-0.06042614315993937*I,-0.03772376229852525+0.008592419170131187*I,-0.042029224399811556-0.005174885427398689*I,0.4501929065314672
0.4277305071287999,0.042116658052134825+0.01198409419133436*I,-0.05269109722384147-0.014917435510880027*I,0.028963496733207986+0.011082769851430465*I,0.04211665805213497-0.011984094191334395*I,0.042235555102201644,0.00973576891103779+0.0015458751650880575*I,-0.011110361574774283+0.007943620604190411*I,-0.05269109722384136+0.014917435510879965*I,0.009735768911037786-0.0015458751650880528*I,0.07226949287126323,-0.04211665805187533-0.011984094191317565*I,0.028963496733208027-0.011082769851430481*I,-0.011110361574774302-0.007943620604190418*I,-0.04211665805187539+0.011984094191317586*I,0.45776444489778473
0.41165590598192636,0.033001929847280155-0.014371667892650422*I,-0.027835111745535428+0.015432084167302056*I,0.005192725758961098+0.021453077255047345*I,0.033001929847280266+0.01437166789265043*I,0.04892066007029609,0.01071212521840916-0.004425725624794209*I,-0.03457795360557938+0.008020010023338959*I,-0.027835111745535508-0.015432084167302082*I,0.010712125218409143+0.004425725624794207*I,0.08834409401801417,-0.03300192984717151+0.01437166789272623*I,0.005192725758961094-0.021453077255047467*I,-0.03457795360557944-0.008020010023338893*I,-0.03300192984717162-0.014371667892726212*I,0.45107933992953714
0.43251419069906955,0.03940921330555408-0.029507448174160296*I,0.00728651107487367-0.022140935096934464*I,-0.003015066360698157+0.09423947385853441*I,0.03940921330555398+0.0295074481741602*I,0.05169272533652289,0.016586583258276524+0.0008504114346027877*I,-0.03495261499854659+0.028806453517132062*I,0.007286511074873692+0.022140935096934485*I,0.01658658325827662-0.0008504114346027881*I,0.06748580930091985,-0.03940921330541683+0.02950744817412963*I,-0.0030150663606981643-0.09423947385853439*I,-0.034952614998546454-0.02880645351713206*I,-0.03940921330541688-0.029507448174129484*I,0.4483072746634748
0.43533423506125624,0.014774257009888067-0.007733220085309296*I,-0.035042861088356206+0.008609406015379533*I,0.13671293921836744+0.06477546156164758*I,0.014774257009888095+0.007733220085309277*I,0.06362422636302605,0.018875933122453895-0.009972121580620488*I,-0.015123754903946521-0.0030015582345735356*I,-0.03504286108835617-0.00860940601537953*I,0.01887593312245393+0.009972121580620472*I,0.06466576493878269,-0.014774257009749341+0.0077332200852378435*I,0.13671293921836755-0.06477546156164754*I,-0.01512375490394656+0.003001558234573537*I,-0.014774257009749305-0.007733220085237866*I,0.4363757736369201
0.40990150843824474,0.021924709844612807-0.011514073526492398*I,-0.041950417901323055-0.03065565401701401*I,-0.0052195565806236735+0.06249911090861666*I,0.02192470984461274+0.011514073526492388*I,0.056983799204075855,0.018493766364975277-0.008062098614646063*I,-0.042404391779314+0.02354883905365482*I,-0.04195041790132296+0.030655654017013968*I,0.018493766364975253+0.00806209861464609*I,0.09009849156182154,-0.021924709844565283+0.01151407352632367*I,-0.005219556580623694-0.062499110908616345*I,-0.042404391779314064-0.0235488390536548*I,-0.021924709844565186-0.011514073526323687*I,0.4430162007959615
0.4434101737568326,0.05480466113169224-0.017873899071974887*I,-0.013132368959903034-0.033891840861294285*I,0.06587470612347048+0.04903519784712937*I,0.05480466113169219+0.01787389907197488*I,0.0769611905293212,0.0186373324791328-0.0024263784954709202*I,-0.027068624740635292+0.00728859745752737*I,-0.013132368959903079+0.033891840861294334*I,0.018637332479132778+0.0024263784954709207*I,0.0565898262431734,-0.054804661131483384+0.017873899071913155*I,0.06587470612347045-0.04903519784712919*I,-0.027068624740635334-0.0072885974575273935*I,-0.054804661131483356-0.017873899071913175*I,0.4230388094706919
0.42520679913431786,0.06442981632013087+0.005934737973037216*I,-0.03639316072705569+0.01599438479546437*I,0.05452339139778943-0.06502135999524288*I,0.064429816320131-0.0059347379730372*I,0.07791044397212492,0.0011364349354737813+0.003562399169973527*I,-0.02330136721488629-0.0039510225355984556*I,-0.03639316072705562-0.015994384795464316*I,0.0011364349354737728-0.0035623991699735218*I,0.07479320086569341,-0.06442981632011247-0.005934737973087342*I,0.05452339139778951+0.06502135999524297*I,-0.023301367214886293+0.00395102253559848*I,-0.06442981632011227+0.005934737973087356*I,0.42208955602781834
0.4144091347686281,0.030256105875951587-0.028656467655226645*I,-0.03273839088531445-0.04019461918976222*I,0.07201410643445916-0.017252021811680694*I,0.030256105875951574+0.028656467655226447*I,0.09010821405006574,0.02489721011935036-0.009304777996158248*I,-0.011793150418682414+0.010022220181716219*I,-0.032738390885314446+0.04019461918976227*I,0.024897210119350352+0.009304777996158246*I,0.085590865231313,-0.03025610587585219+0.028656467655308174*I,0.07201410643445916+0.01725202181168068*I,-0.01179315041868248-0.010022220181716206*I,-0.03025610587585212-0.02865646765530816*I,0.4098917859499921
0.4261577172722472,0.026443481271947084-0.014769058978247002*I,-0.02667178300460659+0.021220354162202765*I,-0.04568851352310958+0.035025226828709656*I,0.02644348127194714+0.014769058978246995*I,0.08788330163252144,0.014684705936265387-0.007649141796173825*I,-0.021917636661993214+0.0023654313045672966*I,-0.026671783004606604-0.02122035416220282*I,0.014684705936265315+0.007649141796173787*I,0.07384228272774862,-0.026443481271943115+0.014769058978253964*I,-0.04568851352310964-0.03502522682870945*I,-0.021917636661993232-0.002365431304567279*I,-0.02644348127194314-0.014769058978253962*I,0.4121166983675182
0.40325176218034653,0.020875081028437836-0.018821623509671707*I,-0.07297826189262913-0.020081845440793163*I,0.04669520550357157+0.005062500289865093*I,0.020875081028437884+0.018821623509671547*I,0.09789265115066767,0.01726863029061485-0.000886591950635767*I,-0.02400178685573457+0.0037658421483352917*I,-0.07297826189262875+0.020081845440793025*I,0.017268630290614914+0.0008865919506357438*I,0.09674823781975712,-0.020875081028221387+0.01882162350959964*I,0.04669520550357167-0.005062500289865093*I,-0.024001786855734564-0.003765842148335287*I,-0.020875081028221453-0.018821623509599608*I,0.4021073488493405
0.4216161071813509,0.03431162146812936+0.021239508129352967*I,-0.0593387805994765+0.025581095279615326*I,0.1380224991497454-0.10607045084088747*I,0.0343116214681293-0.021239508129352977*I,0.09290036740182671,0.012243837085597776+0.00041421717798526344*I,-0.02622777938296423-0.021998568964194058*I,-0.05933878059947681-0.025581095279615343*I,0.012243837085597724-0.00041421717798526507*I,0.0783838928186983,-0.03431162146793736-0.02123950812941252*I,0.13802249914974588+0.1060704508408872*I,-0.026227779382964198+0.02199856896419406*I,-0.03431162146793725+0.021239508129412485*I,0.40709963259816584
0.42269553702609064,0.03254280748457994+0.00041140308416861415*I,-0.04891208575417706-0.012938122001176814*I,0.05519790040562365-0.05118511174794213*I,0.032542807484579904-0.00041140308416861367*I,0.09802724374815046,0.018566417303659166-0.007308934161274466*I,-0.027264063655456087-0.020961887218957885*I,-0.04891208575417704+0.012938122001176833*I,0.018566417303659172+0.007308934161274482*I,0.07730446297394793,-0.03254280748455553-0.00041140308429227473*I,0.05519790040562384+0.05118511174794205*I,-0.027264063655456063+0.020961887218957833*I,-0.03254280748455562+0.000411403084292286*I,0.4019727562518984
0.40229189252510694,0.023437752907476433-0.006774283971223461*I,-0.053743588046862245+0.024354434863513675*I,-0.03540071800873406-0.008232455914580654*I,0.023437752907476413+0.006774283971223452*I,0.10714894504876132,0.016588114176655573-0.004151643207404276*I,-0.06347678334202392-0.01873500990425307*I,-0.0537435880468619-0.024354434863513675*I,0.016588114176655615+0.004151643207404256*I,0.09770810747487536,-0.023437752907379546+0.0067742839713471805*I,-0.03540071800873405+0.00823245591458074*I,-0.06347678334202411+0.018735009904253017*I,-0.023437752907379643-0.006774283971347158*I,0.39285105495125655
0.4213633732981432,0.008795234760034758-0.015057362365544323*I,-0.04541982975867026-0.02529247986639251*I,0.0951769021049897+0.060818970207184714*I,0.008795234760034786+0.015057362365544327*I,0.11193056201778913,0.024891822029526892+0.003065754246174301*I,-0.02772020972011498+0.00021593435006504974*I,-0.045419829758670205+0.025292479866392575*I,0.024891822029526882-0.0030657542461743226*I,0.07863662670180929,-0.0087952347600022+0.015057362365515078*I,0.09517690210499002-0.060818970207185255*I,-0.02772020972011495-0.00021593435006505467*I,-0.00879523476000217-0.015057362365515073*I,0.3880694379821984
